x_actual	y_actual	theta_actual
-2.4793849999999997	-3.358605	0.0
-2.4793849999999997	-3.358605	0.0
-2.4793849999999997	-3.358605	0.0
-2.4793849999999997	-3.358605	0.0
-2.4793849999999997	-3.358605	0.0
-2.4793849999999997	-3.358605	0.0
-2.4793849999999997	-3.358605	0.0
-2.4793849999999997	-3.358605	0.0
-2.4793849999999997	-3.358605	0.0
-2.4793849999999997	-3.358605	0.0
-2.4793849999999997	-3.358605	0.0
-2.4793849999999997	-3.358605	0.0
-2.4793849999999997	-3.358605	0.0
-2.4793849999999997	-3.358605	0.0
-2.4793849999999997	-3.358605	0.0
-2.4793849999999997	-3.358605	0.0
-2.4793849999999997	-3.358605	0.0
-2.4793849999999997	-3.358605	0.0
-2.0774405593119694	-4.30520104239602	0.09966865249116202
-2.4793849999999997	-3.358605	0.0
-2.4793849999999997	-3.358605	0.0
-2.4793849999999997	-3.358605	0.0
-2.4793849999999997	-3.358605	0.0
-2.4793849999999997	-3.358605	0.0
-2.4793849999999997	-3.358605	0.0
-2.4793849999999997	-3.358605	0.0
-2.4793849999999997	-3.358605	0.0
-2.4793849999999997	-3.358605	0.0
-2.4793849999999997	-3.358605	0.0
-2.4793849999999997	-3.358605	0.0
-2.0842549999999997	-3.358605	0.0
-2.0842549999999997	-3.358605	0.0
-2.0842549999999997	-3.358605	0.0
-2.0842549999999997	-3.358605	0.0
-1.7043384928457037	-4.242562074213807	0.09495170634275632
-1.7043384928457037	-4.242562074213807	0.09495170634275632
-1.7043384928457037	-4.242562074213807	0.09495170634275632
-1.6842715143442968	-4.265884137899253	0.09966865249116202
-1.6842715143442968	-4.265884137899253	0.09966865249116202
-1.6842715143442968	-4.265884137899253	0.09966865249116202
-1.3289938347238843	-4.1854865520523	0.09065988720074511
-1.6891249999999998	-3.358605	0.0
-1.8365368881658775	-3.1308666207581863	-0.04542327942157701
-1.513582165107727	-3.974137286521136	0.04542327942157701
-1.5049876245972102	-3.984416507567623	0.047583103276983396
-1.4955100652211533	-3.9956997430656274	0.04995839572194276
-0.9354865520522999	-4.14971316271852	0.09065988720074511
-1.1188597258144313	-3.9561953574623496	0.04542327942157701
-1.4418144488725817	-3.1488085498169722	-0.04542327942157701
-1.1188597258144313	-3.9561953574623496	0.04542327942157701
-1.4418144488725817	-3.1488085498169722	-0.04542327942157701
-1.2939949999999998	-3.753735	0.0
-1.1008730535603508	-3.9759678924825876	0.04995839572194276
-0.8988649999999998	-3.753735	0.0
-0.5037349999999998	-3.753735	0.0
-0.10860499999999984	-3.753735	0.0
0.11913337924181411	-3.6152987053454124	-0.04542327942157701
0.28652500000000014	-3.753735	0.0
0.6816550000000001	-3.753735	0.0
1.471915	-3.753735	0.0
1.471915	-3.753735	0.0
1.286680866987506	-3.660258283153945	-0.04995839572194276
1.471915	-3.753735	0.0
1.286680866987506	-3.660258283153945	-0.04995839572194276
1.286680866987506	-3.660258283153945	-0.04995839572194276
1.286680866987506	-3.660258283153945	-0.04995839572194276
1.681317878648309	-4.23248195006211	0.04995839572194276
2.05686171759072	-4.2073823642853565	0.04542327942157701
2.05686171759072	-4.2073823642853565	0.04542327942157701
2.0759548903091116	-4.212750099479069	0.04995839572194276
2.4515841568840155	-4.18944043522657	0.04542327942157701
2.460634465481886	-4.191155099941415	0.047583103276983396
2.8463065961773113	-4.171498506167784	0.04542327942157701
3.052435	-4.148865	0.0
3.447565	-4.148865	0.0
4.463508810856968	-4.488996007641631	0.04995839572194276
5.232583160995872	-4.4585693711083625	0.04542327942157701
5.818345	-4.543995	0.0
6.608605	-4.543995	0.0
7.003735	-4.543995	0.0
7.398865	-4.543995	0.0
7.793995	-4.543995	0.0
7.956046364055073	-4.784973766387233	-0.04995839572194276
8.350683375715874	-4.804705616970273	-0.04995839572194276
9.218884801369642	-4.646850812305952	0.04995839572194276
9.987194361574208	-4.637988661696224	0.04542327942157701
10.164774999999999	-4.939125	0.0
10.559905	-4.939125	0.0
11.350165	-4.939125	0.0
11.745294999999999	-4.939125	0.0
11.906980770864324	-5.337723894988883	-0.04542327942157701
12.290114811981258	-5.3752034017185855	-0.047583103276983396
13.09114808874421	-5.391549682165243	-0.04542327942157701
13.485870528037507	-5.409491611224029	-0.04542327942157701
13.868845881017485	-5.450381071672692	-0.047583103276983396
14.275315406624099	-5.445375469341601	-0.04542327942157701
14.116074999999999	-4.939125	0.0
14.116074999999999	-4.939125	0.0
14.511205	-4.939125	0.0
15.301465	-4.939125	0.0
15.696594999999999	-4.939125	0.0
16.091725	-4.939125	0.0
16.236942484571827	-5.563147576603851	-0.047583103276983396
16.618328770009697	-5.613711490874919	-0.04995839572194276
17.277115	-5.334255	0.0
18.067375	-5.334255	0.0
18.857635	-5.334255	0.0
19.488376710086914	-4.567043449711946	0.047583103276983396
19.647895	-5.334255	0.0
20.043025	-5.334255	0.0
20.833285	-5.334255	0.0
21.228415	-5.334255	0.0
21.623545	-5.334255	0.0
22.018674999999998	-5.334255	0.0
22.808934999999998	-5.334255	0.0
23.204065	-5.334255	0.0
23.204065	-5.334255	0.0
23.994325	-5.334255	0.0
24.111803412264443	-6.333718693633439	-0.047583103276983396
24.784585	-5.729385	0.0
24.885974164303512	-6.422717364779564	-0.04995839572194276
25.574845	-5.729385	0.0
25.969974999999998	-5.729385	0.0
26.760234999999998	-5.729385	0.0
27.036745877854887	-4.942828571051553	0.04995839572194276
27.550494999999998	-6.124515	0.0
27.945625	-6.124515	0.0
28.021042249877954	-7.3110284030368184	-0.047583103276983396
28.735885	-6.519645	0.0
29.526145	-6.519645	0.0
30.233305672307388	-5.5742477897088385	0.04995839572194276
30.997193289412802	-5.660678618047036	0.04542327942157701
31.106665	-6.914775	0.0
32.19930253635148	-6.001575270163973	0.04542327942157701
32.292055	-7.309905	0.0
33.082314999999994	-7.309905	0.0
33.07469215626517	-8.81027128532742	-0.04995839572194276
33.90378579693616	-8.710806558040684	-0.04542327942157701
35.0084135134031	-6.126739606033962	0.04995839572194276
35.453095	-7.705035	0.0
36.5771332266953	-6.593658929103916	0.04542327942157701
36.638484999999996	-8.100165	0.0
37.428745	-8.100165	0.0
38.219004999999996	-8.100165	0.0
39.26026749525847	-5.104186159926103	0.09495170634275632
39.76755318020703	-6.76599029586955	0.047583103276983396
40.162235947466094	-6.747195878381023	0.047583103276983396
40.589785	-8.495294999999999	0.0
41.380044999999996	-8.495294999999999	0.0
42.519745779943904	-7.191443829456509	0.04345089539153084
42.94380973576801	-7.0103177232203935	0.047583103276983396
43.73317527028613	-6.972728888243341	0.047583103276983396
244.80463117723326	-4.973069451230754	0.09495170634275632
244.936215	-8.100165	0.0
245.726475	-8.100165	0.0
246.121605	-8.100165	0.0
246.49595464109953	-9.773097094033794	-0.047583103276983396
248.25292378189567	-4.0423929947171775	0.09065988720074511
248.66320860455352	-3.811750031357659	0.09495170634275632
248.887515	-7.705035	0.0
249.282645	-7.705035	0.0
250.37447667290186	-5.570968972753105	0.04542327942157701
250.78108182848356	-5.450381071672693	0.047583103276983396
250.87685068654787	-9.48230950756849	-0.04542327942157701
251.27157312584117	-9.500251436627275	-0.04542327942157701
251.62263170432288	-9.737668262730308	-0.04995839572194276
252.45378498496245	-9.265647821843576	-0.047583103276983396
253.233945	-6.914775	0.0
254.28581720771726	-4.602104803578652	0.04542327942157701
254.81446499999998	-6.519645	0.0
255.209595	-6.519645	0.0
255.2541531907529	-8.607843209745148	-0.047583103276983396
256.25961659133736	-3.8773086395673872	0.04995839572194276
256.4382014925301	-8.664226462210728	-0.047583103276983396
256.81210840766244	-8.81027128532742	-0.04995839572194276
257.975505	-6.124515	0.0
258.370635	-6.124515	0.0
257.9724949219233	-10.966976134446728	-0.09495170634275632
258.3658450480094	-11.004438051216827	-0.09495170634275632
258.70649379269025	-11.3036100428206	-0.09966865249116202
259.614458048091	-8.419899034859883	-0.047583103276983396
259.593088200704	-10.875110357469225	-0.09065988720074511
259.93924555235355	-11.154285718297228	-0.09495170634275632
260.7985063498682	-8.476282287325462	-0.047583103276983396
261.606124263702	-8.387851834982532	-0.04542327942157701
262.0008467029953	-8.40579376404132	-0.04542327942157701
262.37723741890443	-8.551459957279569	-0.047583103276983396
262.2993463088699	-11.379057218917827	-0.09495170634275632
263.902455	-6.124515	0.0
263.93717407045216	-9.021320394492731	-0.047583103276983396
264.692715	-6.519645	0.0
265.1024279547408	-9.472386414217368	-0.047583103276983396
265.49711072199983	-9.491180831705895	-0.047583103276983396
266.5399107451012	-3.7589175360691454	0.04995839572194276
267.458625	-6.914775	0.0
266.9624064034628	-12.735326602825802	-0.09065988720074511
268.2446380154529	-10.27175438615508	-0.04542327942157701
269.03914499999996	-7.705035	0.0
268.85839603815316	-13.701208114837872	-0.09065988720074511
270.619665	-8.100165	0.0
271.014795	-8.495294999999999	0.0
271.805055	-8.495294999999999	0.0
272.595315	-8.890425	0.0
272.9095395707373	-12.065947292033696	-0.04542327942157701
273.780705	-9.285554999999999	0.0
274.570965	-9.680685	0.0
275.361225	-9.680685	0.0
275.756355	-10.075814999999999	0.0
275.98439568059763	-13.550775009227623	-0.047583103276983396
277.33687499999996	-10.470945	0.0
278.127135	-10.470945	0.0
278.522265	-10.866074999999999	0.0
279.7620735957915	-7.6305335003417705	0.047583103276983396
279.707655	-11.261205	0.0
280.497915	-11.261205	0.0
281.288175	-11.656334999999999	0.0
282.52751562830457	-8.616001915005173	0.04345089539153084
282.473565	-12.051465	0.0
283.263825	-12.051465	0.0
284.1599672881067	-8.60784320974515	0.047583103276983396
284.449215	-12.446594999999999	0.0
285.3628100073724	-8.946142724538626	0.047583103276983396
285.63460499999997	-12.841725	0.0
286.424865	-12.841725	0.0
287.69852587899754	-5.254033827006503	0.09495170634275632
288.12429541258797	-9.392599862274558	0.04542327942157701
288.5390665629334	-9.19047015188947	0.047583103276983396
288.795645	-13.236854999999998	0.0
290.11779763196955	-9.115292481935365	0.047583103276983396
290.51248039922865	-9.096498064446838	0.047583103276983396
291.30184593374673	-9.058909229469783	0.047583103276983396
292.4187273920301	-4.804490825765306	0.09495170634275632
292.351815	-12.841725	0.0
293.142075	-12.841725	0.0
293.537205	-12.841725	0.0
294.32746499999996	-12.841725	0.0
294.722595	-12.841725	0.0
295.512855	-12.841725	0.0
295.907985	-12.841725	0.0
297.22208744263264	-8.776992967141886	0.047583103276983396
297.6355646273802	-9.152881316912419	0.047583103276983396
297.883635	-14.027114999999998	0.0
298.87599618162295	-10.280546366224009	0.047583103276983396
298.673895	-15.212505	0.0
299.464155	-15.607634999999998	0.0
300.51111050312477	-11.389416998047075	0.047583103276983396
301.7341408358973	-7.512411760093872	0.09065988720074511
301.71395322239044	-11.727716512840553	0.047583103276983396
302.4778386596169	-11.904469930504622	0.04542327942157701
303.737450638589	-7.727052096096554	0.09065988720074511
304.20050021622654	-7.651596500292894	0.09495170634275632
304.5052766432597	-12.998927603090578	0.04542327942157701
305.3126634509051	-13.357766184266302	0.04542327942157701
304.995975	-17.978415	0.0
305.786235	-18.373545	0.0
307.32215950548914	-14.057501417558962	0.04542327942157701
308.67417836665066	-9.658815120120693	0.09065988720074511
97.82172059191848	-7.961673160595378	0.09966865249116202
97.9455990936116	-2.8821997542283433	0.05549850524571683
98.96191082232474	-7.450553402137403	0.09966865249116202
100.18073486172453	-7.725771733614774	0.09966865249116202
101.46720026167219	-12.670341804454473	0.14888994760949725
102.19010334072357	-12.16235585701297	0.14888994760949725
102.58086176183242	-12.103742093846643	0.14888994760949725
102.58449587241986	-8.203344072815373	0.11065722117389565
103.81175078832531	-12.31865922545651	0.14888994760949725
104.11242531140125	-7.332602688647101	0.09966865249116202
105.04263981481819	-12.533576357066378	0.14888994760949725
105.0280451707053	-8.726961779590821	0.11065722117389565
105.46881443574459	-2.7131294551680187	0.04995839572194276
106.76502189664414	-13.434357181093196	0.15660187698201536
106.9432424351685	-7.843722447105076	0.09966865249116202
107.83656252574646	-12.514038436010935	0.14888994760949725
107.7713186988077	-8.262478756596192	0.10487693873023389
108.5159186150392	-7.686454829118007	0.09966865249116202
109.26741630301203	-7.164591582281594	0.09495170634275632
109.69542574994222	-7.568504115627705	0.09966865249116202
111.02124365778359	-12.435886751789164	0.14888994760949725
111.41200207889244	-12.377272988622838	0.14888994760949725
111.70058787927735	-7.765088638111541	0.09966865249116202
112.79463169335258	-13.673863575259805	0.16514867741462683
112.92114901268117	-8.117704410423041	0.10487693873023389
113.66643310411571	-7.568504115627705	0.09966865249116202
114.41842985890077	-7.0709367903563445	0.09495170634275632
114.58492940510914	-3.0485709150797007	0.04995839572194276
115.3202667492648	-8.262478756596192	0.10487693873023389
116.06476427841851	-7.725771733614774	0.09966865249116202
116.20318384853334	-3.8465859837800322	0.05549850524571683
117.2835883178183	-8.000990065092145	0.09966865249116202
117.78148919956163	-3.6799901337369856	0.04995839572194276
118.17612621122244	-3.660258283153945	0.04995839572194276
118.96540023454405	-3.6207945819878646	0.04995839572194276
119.72554328281922	-8.593391547849105	0.10487693873023389
120.19223597986077	-4.416450573969667	0.05549850524571683
121.80617608038786	-12.416348830733723	0.14888994760949725
121.41541765927902	-12.47496259390005	0.14888994760949725
121.68708162145624	-8.354842205563052	0.09966865249116202
122.47341971139159	-8.276208396569517	0.09966865249116202
122.95123405231816	-4.21275009947907	0.04995839572194276
123.34587106397896	-4.1930182488960295	0.04995839572194276
124.990857212425	-12.338197146511952	0.14888994760949725
125.77237405464268	-12.220969620179298	0.14888994760949725
126.01289309924667	-7.9512918344536905	0.09495170634275632
126.44442706556508	-8.276208396569517	0.09966865249116202
126.91733601950922	-4.410068605309471	0.04995839572194276
127.32375774854795	-4.5896333527272715	0.05258306161094172
128.44958919490023	-8.472792919053353	0.09966865249116202
128.88769119063426	-8.820894091835484	0.10487693873023389
129.62909632980325	-8.35484220556305	0.09966865249116202
130.0941639633787	-4.646850812305953	0.04995839572194276
130.87269825168437	-4.435482527292259	0.047583103276983396
131.2780749983611	-4.587655260556832	0.04995839572194276
132.0673490216827	-4.548191559390752	0.04995839572194276
132.47411553803374	-4.7142387831180566	0.05258306161094172
133.60010368397673	-8.354842205563052	0.09966865249116202
134.38644177391208	-8.276208396569517	0.09966865249116202
134.82343938373342	-8.593391547849105	0.10487693873023389
135.60935726295907	-8.510663350035877	0.10487693873023389
136.01371913829072	-4.350873053560351	0.04995839572194276
136.43337680026536	-4.701382869064484	0.05549850524571683
137.19763017327313	-4.29167750181123	0.04995839572194276
138.7260157144011	-10.677473856799338	0.14888994760949725
138.7564463693333	-3.818113087818267	0.04995839572194276
139.17311040694628	-4.153436147728296	0.05549850524571683
139.9504413614809	-3.9250710573097476	0.05258306161094172
140.72963142763732	-3.719453834903066	0.04995839572194276
141.93263580189117	-10.681751887107739	0.15660187698201536
142.24829513747065	-7.4145147290106	0.10487693873023389
142.72254833652437	-4.015431593648668	0.04995839572194276
143.1171853481852	-3.9956997430656274	0.04995839572194276
143.9064593715068	-3.956236041899547	0.04995839572194276
144.3116314251584	-4.091211631164129	0.05258306161094172
145.35585812851014	-6.782166025692359	0.09966865249116202
146.5411841365781	-9.505198593472787	0.14888994760949725
147.32270097879578	-9.387971067140132	0.14888994760949725
147.87247649449412	-10.231038066999616	0.16514867741462683
148.56764707022924	-9.634118528949093	0.15660187698201536
148.62237166085336	-3.324816823242263	0.04995839572194276
149.8212456501131	-9.906243207729785	0.16514867741462683
150.8602247580576	-6.231729362737617	0.09966865249116202
151.40456259306202	-3.581330880821785	0.04995839572194276
152.53222036679037	-9.408158392875661	0.15660187698201536
152.61866011787745	-4.049676487700533	0.05258306161094172
153.69104188182482	-6.742849121195592	0.09966865249116202
153.8231792783217	-4.381957635409296	0.05258306161094172
154.6208542380976	-4.607387111139872	0.04995839572194276
155.9273890043859	-10.490873954415479	0.16514867741462683
156.16731441954636	-7.5386070257304425	0.10487693873023389
156.23221759921023	-5.046519930826819	0.05258306161094172
157.34751400002418	-7.5685041156277055	0.09966865249116202
157.4526130307215	-5.51234401664204	0.05549850524571683
158.21205104421088	-5.219074479214116	0.04995839572194276
158.62048834836696	-5.316498363340188	0.05258306161094172
159.0358397830029	-5.690314654512545	0.05258306161094172
159.79730676652667	-5.431586654184165	0.047583103276983396
160.21959137171535	-5.628011939317152	0.05258306161094172
161.02952666925546	-5.981060658757711	0.05258306161094172
161.44487810389143	-6.354876949930069	0.05258306161094172
162.2340458296997	-6.3133418064664735	0.05258306161094172
162.62862969260388	-6.292574234734675	0.05258306161094172
163.144305	-4.148865	0.0
164.2277327159523	-6.60408781071164	0.05258306161094172
164.62231657885644	-6.583320238979843	0.05258306161094172
165.41148430466475	-6.541785095516247	0.05258306161094172
166.20345053034214	-6.797622525857327	0.04995839572194276
166.63620008031597	-6.980841229823022	0.05549850524571683
167.42593876264914	-7.227114962665569	0.05258306161094172
168.21510648845745	-7.185579819201973	0.05258306161094172
168.9856414625508	-7.054136583436849	0.04995839572194276
169.7749154858724	-7.014672882270768	0.04995839572194276
170.03142954345194	-3.6799901337369856	-0.04995839572194276
171.01977385100548	-7.528787951159209	0.05549850524571683
171.78712882632664	-7.393255536519949	0.05258306161094172
172.55710641808108	-7.27118693985029	0.04995839572194276
172.99238204781574	-7.419198606891971	0.05549850524571683
173.812815	-5.729385	0.0
174.92492848804588	-7.15279583635205	0.04995839572194276
175.33838359246403	-7.20634739093377	0.05258306161094172
176.10883952302828	-7.09360028460293	0.04995839572194276
176.52213518117648	-7.144044675738377	0.05258306161094172
176.9375984414363	-7.200019918357495	0.05549850524571683
177.70588676988893	-7.081741960542986	0.05258306161094172
178.4766615929931	-6.975209181104688	0.04995839572194276
178.91020663824656	-7.0904305740902585	0.05549850524571683
179.6788060844097	-6.977904101883997	0.05258306161094172
180.09377155633274	-7.024676967529916	0.05549850524571683
180.86255767312218	-6.9156013866886035	0.05258306161094172
181.63375768627952	-6.817354376440367	0.04995839572194276
182.42303170960113	-6.7778906752742865	0.04995839572194276
182.505675	-5.729385	0.0
184.35982846867716	-7.9512918344536905	0.09495170634275632
184.79388202626694	-7.0103177232203935	0.047583103276983396
185.2444707368929	-7.1342663117971545	0.05549850524571683
186.012915462608	-7.0402068170793894	0.05258306161094172
186.8020831884163	-6.998671673615794	0.05258306161094172
187.59125091422462	-6.957136530152198	0.05258306161094172
188.3804186400329	-6.9156013866886035	0.05258306161094172
190.02106112442812	-8.689194323551103	0.15660187698201536
189.56417022874538	-6.853298671493211	0.05258306161094172
190.3533379545537	-6.811763528029615	0.05258306161094172
191.55430103415483	-7.786791619170129	0.10487693873023389
191.93167340617032	-6.728693241102426	0.05258306161094172
193.12613679260616	-7.621335223543672	0.10487693873023389
193.91205467183184	-7.538607025730443	0.10487693873023389
194.69797255105752	-7.455878827917216	0.10487693873023389
195.48389043028317	-7.3731506301039875	0.10487693873023389
196.26980830950885	-7.290422432290758	0.10487693873023389
196.66942783055612	-6.856818077606448	0.04995839572194276
197.0820311956561	-6.853298671493211	0.05258306161094172
198.24797587719934	-6.7778906752742865	0.04995839572194276
199.03724990052092	-6.738426974108207	0.04995839572194276
199.82652392384253	-6.698963272942126	0.04995839572194276
200.61579794716414	-6.659499571776046	0.04995839572194276
201.04725418022852	-6.652073197021309	0.05549850524571683
201.471915	-6.519645	0.0
202.62697284804608	-6.9571365301522	0.05258306161094172
203.4161405738544	-6.915601386688605	0.05258306161094172
204.2053082996627	-6.874066243225009	0.05258306161094172
204.994476025471	-6.832531099761414	0.05258306161094172
205.7836437512793	-6.790995956297819	0.05258306161094172
206.96242787686862	-6.959509641037844	0.10487693873023389
207.38274677462772	-7.102509532274783	0.05258306161094172
208.53123131427594	-7.066700975685974	0.047583103276983396
209.33727590486788	-7.014672882270769	0.04995839572194276
209.769645	-6.914775	0.0
211.64415911005983	-6.506947694214988	0.09966865249116202
212.1177531294776	-6.853298671493211	0.05258306161094172
212.90692085528588	-6.8117635280296165	0.05258306161094172
214.09067244399836	-6.749460812834223	0.05258306161094172
215.24083835767993	-6.747195878381023	0.047583103276983396
216.06359175851912	-6.645622954175234	0.05258306161094172
217.23001613808393	-6.620035870609965	0.04995839572194276
218.0365110730399	-6.541785095516247	0.05258306161094172
219.51783735741586	-6.190581746258999	0.09495170634275632
219.647895	-7.309905	0.0
220.833285	-7.705035	0.0
222.02388484554504	-7.12327710400658	0.05258306161094172
223.48880053504644	-6.209312704644049	0.09495170634275632
223.9968041600658	-7.019439245347591	0.05258306161094172
224.78597188587412	-6.977904101883997	0.05258306161094172
225.57513961168243	-6.9363689584204025	0.05258306161094172
226.73446715423023	-6.070181514545639	0.10487693873023389
227.88204066722471	-6.074461744750549	0.09966865249116202
228.6992618522944	-5.863361020012568	0.10487693873023389
229.48517973152008	-5.7806328221993395	0.10487693873023389
229.93632967535993	-7.102509532274783	0.05258306161094172
230.74596647664987	-6.980841229823022	0.05549850524571683
231.9105129718658	-7.468505445680691	0.04995839572194276
232.32460042451666	-7.372487964788151	0.05258306161094172
233.11376815032497	-7.330952821324557	0.05258306161094172
234.28341520468734	-6.070181514545639	0.10487693873023389
234.71287117367336	-7.64246639730152	0.05258306161094172
235.4819779273961	-7.685555802094132	0.04995839572194276
236.56884915555528	-4.539744552020788	0.15660187698201536
237.0754918808838	-6.173591761812174	0.10487693873023389
237.12406631300308	-7.813720246254027	0.05549850524571683
237.12406631300308	-7.813720246254027	0.05549850524571683
238.65880587126554	-7.922338009090614	0.04995839572194276
239.78942166785578	-4.12489471272683	0.16514867741462683
240.26052749669307	-6.235637910172096	0.10487693873023389
240.65172278015257	-8.218315767836216	0.04995839572194276
241.06774812360345	-8.099352975401066	0.05258306161094172
241.835633815135	-8.159120216087098	0.04995839572194276
242.6249078384566	-8.119656514921017	0.04995839572194276
243.40419901359576	-5.904725118919181	0.10487693873023389
243.83093418215802	-7.441116475745419	0.05549850524571683
244.97299805783837	-7.606628399761972	0.04995839572194276
245.74254023057694	-7.172527686935089	0.04995839572194276
246.55038706079802	-7.019439245347591	0.05258306161094172
247.32108827722016	-7.093600284602928	0.04995839572194276
248.12872251241464	-6.9363689584204025	0.05258306161094172
249.21585490997506	-4.498345756094298	0.10487693873023389
250.00177278920074	-4.41561755828107	0.10487693873023389
250.47545811810775	-6.4171796651254605	0.05258306161094172
251.26462584391606	-6.375644521661866	0.05258306161094172
252.05379356972438	-6.334109378198271	0.05258306161094172
252.8429612955327	-6.292574234734675	0.05258306161094172
253.632129021341	-6.25103909127108	0.05258306161094172
254.71728006455476	-3.9192483714016992	0.10487693873023389
255.2138285104362	-6.698963272942126	0.04995839572194276
255.62581590759356	-6.541785095516247	0.05258306161094172
256.4149836334019	-6.500249952052651	0.05258306161094172
257.2041513592102	-6.458714808589057	0.05258306161094172
257.99331908501847	-6.4171796651254605	0.05258306161094172
258.80325438255863	-6.77022838456602	0.05258306161094172
259.21727811727817	-6.586319590460969	0.05549850524571683
260.67233901752866	-4.383834851389555	0.09966865249116202
261.1556002821502	-7.329822820525345	0.047583103276983396
261.5861089946195	-7.019439245347591	0.05258306161094172
263.04858464427184	-4.823221784150355	0.09495170634275632
263.1852120179679	-7.330952821324557	0.05258306161094172
263.9743797437762	-7.2894176778609605	0.05258306161094172
264.7453340224588	-7.950038597646721	0.047583103276983396
265.1788989042205	-7.621698825569723	0.05258306161094172
266.2703094865004	-5.3102267021616525	0.09495170634275632
266.38341806466474	-7.953979973278484	0.05258306161094172
267.1510194609902	-8.626637627233675	0.047583103276983396
267.9744737641246	-5.3049456847732746	0.10487693873023389
268.00328865974495	-8.660077412159604	0.05258306161094172
268.79245638555324	-8.618542268696007	0.05258306161094172
269.5588838843064	-8.7510757335783	0.04995839572194276
269.9762079742657	-8.556239553500616	0.05258306161094172
270.765375700074	-8.51470441003702	0.05258306161094172
271.55454342588234	-8.473169266573423	0.05258306161094172
272.7313451383852	-5.20153543750674	0.10487693873023389
273.13034883983664	-8.968126089991742	0.04995839572194276
274.3153048779069	-5.799243413273177	0.09966865249116202
274.7527494725792	-9.096196418527352	0.05258306161094172
275.5179027603845	-9.244371998154305	0.04995839572194276
276.7436627323268	-5.573812327666269	0.10487693873023389
277.11618265761075	-9.560081607482944	0.04995839572194276
277.9054566809324	-9.520617906316867	0.04995839572194276
278.69473070425397	-9.481154205150785	0.04995839572194276
279.8983053164479	-6.035144840253784	0.09966865249116202
280.25072845049317	-9.585152919148527	0.047583103276983396
280.25072845049317	-9.585152919148527	0.047583103276983396
281.8521289472937	-5.036079041880283	0.10487693873023389
282.63804682651937	-4.953350844067056	0.10487693873023389
283.7650246181371	-5.628652994707503	0.09495170634275632
284.55172487030916	-5.553729161167303	0.09495170634275632
285.3887594038092	-4.6638021517207555	0.10487693873023389
285.8010976338955	-8.51470441003702	0.05258306161094172
286.567739086887	-8.69188018182918	0.04995839572194276
287.3794330855121	-8.431634123109827	0.05258306161094172
288.5014777279563	-8.401104617371358	0.047583103276983396
289.33158482830106	-7.933212401546687	0.05258306161094172
290.1207525541094	-7.8916772580830905	0.05258306161094172
291.31282757698244	0.9038405442937291	0.15660187698201536
292.11443944036193	-8.182423262328257	0.05258306161094172
292.9016631240429	-8.77080758416134	0.04995839572194276
294.05239093528405	-4.61973627837016	0.09966865249116202
295.5872720792723	6.1501037564982965	0.21866894587394195
506.85796452928696	-5.5724601195523515	0.09495170634275632
297.3018658040608	-9.737668262730306	0.04995839572194276
298.0678362296163	-9.923452433942005	0.047583103276983396
509.4254163954158	-0.55683075008011	0.14888994760949725
300.0678773232895	-5.20948984582167	0.09966865249116202
300.9209785432429	-5.015396992426977	0.10487693873023389
511.3144737175483	-10.07227228992184	0.05258306161094172
512.4913425074003	-10.665065240133194	0.04995839572194276
303.32892817553267	-10.75760215707116	0.05258306161094172
304.1708271356989	-10.81646827917633	0.05549850524571683
515.7688284753208	-6.624898407705292	0.09966865249116202
306.587860093449	-6.008135366185718	0.10487693873023389
307.2861821990791	-11.612194068119122	0.04995839572194276
310.5326013901502	-7.435196778463907	0.10487693873023389
308.927004676897	-10.947975492297015	0.05549850524571683
310.4868570149328	-6.153095553744084	0.09966865249116202
313.254778661411	-6.5464699555749455	0.09495170634275632
314.690297010879	-12.961895078394196	0.15660187698201536
312.43386369344864	-9.96167139389188	0.05549850524571683
312.43386369344864	-9.96167139389188	0.05549850524571683
317.15531667713464	-13.372731689436801	0.15660187698201536
317.3364114801362	-7.804405542608308	0.09966865249116202
318.6766931311305	-12.787569330787129	0.14888994760949725
316.3133264805088	-8.55892778727124	0.05549850524571683
320.0722566155371	-14.112237589313493	0.15660187698201536
320.25316463320456	-9.193170981995012	0.10487693873023389
321.5878433683914	-13.54954825194939	0.14888994760949725
319.3822611242122	-7.538628538642531	0.05258306161094172
323.20949081599315	-13.705851620392927	0.14888994760949725
323.1441196257248	-10.210545282121263	0.11065722117389565
321.3344128670012	-7.0402068170793894	0.05258306161094172
322.1235805928095	-6.998671673615793	0.05258306161094172
322.9127483186178	-6.957136530152198	0.05258306161094172
326.26134880090234	-9.691616958453139	0.09966865249116202
326.2961771589634	-5.565709224121759	0.05258306161094172
325.42267606648807	-1.264339690990872	0.09495170634275632
325.6333002154833	-6.022595802221306	0.05258306161094172
328.705215479852	-6.230271519539283	0.05258306161094172
329.9178209191017	-10.517271952885253	0.09966865249116202
328.0008033929082	-5.89799037183052	0.05258306161094172
331.5455636347102	-10.785688789899659	0.10487693873023389
331.86188638308516	-6.064130945684902	0.05258306161094172
333.0301614546503	-5.791298146122281	0.04995839572194276
334.77594008081513	-13.569086173004829	0.14888994760949725
335.5574569230328	-13.451858646672177	0.14888994760949725
335.3782516740321	-5.278270030963236	0.04995839572194276
336.91197910172906	-9.056418379171635	0.09495170634275632
338.29276587079477	-13.041562304507883	0.14888994760949725
335.81159597097195	-0.5480743105126419	0.10487693873023389
340.0183740816556	-13.76302646992728	0.15660187698201536
340.92908150414996	-5.619530829069431	0.047583103276983396
341.731907561771	-5.7518344449562	0.04995839572194276
342.8923994030349	-9.219814104491931	0.09966865249116202
343.32103942307583	-5.665769098616173	0.05549850524571683
344.81892772337653	-8.630060537040423	0.09966865249116202
345.60526581331186	-8.551426728046888	0.09966865249116202
347.27416894629334	-9.11967505967241	0.11065722117389565
348.3967660325823	-8.66937744153719	0.09966865249116202
348.83537377166545	-5.396661134461477	0.04995839572194276
350.0087591169498	-8.905278868517794	0.09966865249116202
350.44895683503296	-9.193170981995012	0.10487693873023389
350.8607863086618	-6.03837286912478	0.05549850524571683
352.4070902912526	-9.062546486504862	0.09966865249116202
353.7667993467053	-12.318659225456509	0.14888994760949725
353.67535654974887	-9.648176069967768	0.10487693873023389
354.0607951612651	-6.652073197021309	0.05549850524571683
354.85158829018513	-6.832531099761414	0.05258306161094172
356.4321362461359	-6.994941031687729	0.04995839572194276
357.6755554938194	-10.124102907917582	0.09966865249116202
358.1219971822099	-10.372047800833517	0.10487693873023389
358.9079150614356	-10.289319603020289	0.10487693873023389
360.0443733582563	-7.506870082305761	0.05549850524571683
360.83341663698036	-7.463034344598866	0.05549850524571683
361.9767862599702	-7.113332135185969	0.04995839572194276
363.17992212336685	-9.573666244962837	0.09966865249116202
363.9662602133022	-9.495032435969303	0.09966865249116202
364.344608329935	-6.994941031687729	0.04995839572194276
365.13388235325664	-6.955477330521648	0.04995839572194276
365.94147159496504	-7.0402068170793894	0.05258306161094172
366.7512412274112	-7.1342663117971545	0.05549850524571683
367.89634143488223	-6.817354376440368	0.04995839572194276
369.6315912437246	-11.537142383238809	0.14888994760949725
369.90311279231406	-9.298447913485468	0.09966865249116202
370.2838953554301	-7.09360028460293	0.04995839572194276
371.4757889721848	-9.141180295498398	0.09966865249116202
372.6517174253949	-6.975209181104688	0.04995839572194276
374.1122194579856	-11.530217504078932	0.16514867741462683
374.62114133192614	-8.82664505952426	0.09966865249116202
376.45074244472835	-11.140463672955137	0.16514867741462683
377.230250106976	-11.010545729247205	0.16514867741462683
378.00975776922354	-10.880627785539273	0.16514867741462683
378.57127260030694	-6.679231422359086	0.04995839572194276
379.3605466236286	-6.639767721193006	0.04995839572194276
380.51867700644124	-8.23689149207275	0.09966865249116202
381.3704597526606	-6.717826803581652	0.05549850524571683
382.8776912762473	-8.000990065092147	0.09966865249116202
382.94854631010884	-6.630155328167862	0.05549850524571683
383.737589588833	-6.586319590460967	0.05549850524571683
386.2595471946772	-9.906243207729787	0.16514867741462683
386.95645689327324	-9.551951206740572	0.15660187698201536
387.2836869113729	-8.097022360969735	0.10487693873023389
388.09924549066903	-6.7397446724351	0.05549850524571683
389.33812472392117	-8.421518117305144	0.11065722117389565
390.12355128408433	-8.334248499509236	0.11065722117389565
391.69440440441065	-8.159709263917419	0.11065722117389565
392.4335172252464	-7.952248014796585	0.10487693873023389
392.85542303186713	-6.871251885555785	0.05549850524571683
394.79085377956596	-6.659499571776046	0.04995839572194276
396.44678260835747	-8.853528967968145	0.15660187698201536
397.22737216933837	-8.730277984655363	0.15660187698201536
398.72240378844447	-7.607821020124474	0.09966865249116202
399.1515927584178	-6.837086227023407	0.04995839572194276
399.94086678173943	-6.797622525857327	0.04995839572194276
402.68975366953333	-8.176619961702695	0.14888994760949725
405.0976490323273	-7.567720220987017	0.16514867741462683
406.2041521206193	-7.312891676558375	0.15660187698201536
407.0582020489011	-6.082208606831675	0.05549850524571683
408.5516299126363	-6.62489840770529	0.09966865249116202
409.0175180499379	-6.343789962447404	0.04995839572194276
411.66827904748595	-6.450134793368904	0.15660187698201536
411.79626997877415	-6.209503947807485	0.05258306161094172
414.9064537822761	-6.333499755761667	0.16514867741462683
415.68596144452374	-6.203581812053735	0.16514867741462683
417.3246271453978	-6.324058111864365	0.04995839572194276
418.42654129913683	-6.18309099619121	0.15660187698201536
425.1231780591313	-5.525752418523042	0.15660187698201536
427.2473433472316	-6.583320238979843	0.05258306161094172
431.78171812108724	-5.011476750721005	0.14888994760949725
433.9733450009346	-6.1698800822454665	0.05549850524571683
437.095941429604	-6.126739606033962	0.04995839572194276
440.9094423134758	-4.580419373873391	0.09966865249116202
440.9094423134758	-4.580419373873391	0.09966865249116202
445.17638547074705	-13.623307408129868	0.09966865249116202
446.96186672112407	-5.633443341457959	0.04995839572194276
446.96186672112407	-5.633443341457959	0.04995839572194276
451.07392114526215	-13.033553840678358	0.09966865249116202
450.1925679524857	-6.060290737978228	0.05549850524571683
452.567723022614	-4.962560421634595	0.04995839572194276
453.7814172295155	-2.510622855624363	0.14888994760949725
455.273815	2.568345	0.0
456.51409313922204	-4.765241915804192	0.04995839572194276
457.71847800521584	-11.971997419265643	0.09966865249116202
458.10544116646656	-5.067287502558616	0.05258306161094172
460.015375	2.963475	0.0
461.31943562667993	-12.357524548351	0.10487693873023389
462.10535350590555	-12.274796350537772	0.10487693873023389
462.38615500000003	2.963475	0.0
652.0720528710542	-6.191797951098914	0.05549850524571683
464.361805	2.963475	0.0
465.58185890456934	-11.185659329330297	0.09966865249116202
465.942325	2.568345	0.0
466.732585	2.173215	0.0
468.4519929328333	-12.089948132755945	0.09966865249116202
469.3854349134697	-13.495037268282891	0.10487693873023389
470.212716891602	-13.805268010082496	0.10487693873023389
470.68388500000003	-0.197565	0.0
472.659535	-0.987825	0.0
474.5964123322847	-14.038853309594915	0.09495170634275632
474.92717426922263	-8.930055844672973	0.05258306161094172
664.970867032321	-4.379099274826681	0.047583103276983396
476.610835	-3.358605	0.0
477.401095	-3.753735	0.0
667.4367404783386	-0.19647946980641817	0.10487693873023389
668.6143537258756	-0.4128274972160581	0.09966865249116202
480.167005	-5.334255	0.0
481.3959567244356	-11.829244424532561	0.04995839572194276
671.248202473489	-3.289023060492143	0.047583103276983396
482.537785	-6.124515	0.0
483.723175	-6.124515	0.0
674.0109818443024	-3.1574621380724572	0.047583103276983396
485.698825	-6.124515	0.0
486.489085	-5.729385	0.0
676.8113500500929	-3.8152667501708857	0.047583103276983396
677.6195100020994	-4.172360682452889	0.047583103276983396
679.247222520579	-4.706046364055072	0.04995839572194276
680.0692478359193	-4.859611785240641	0.05258306161094172
491.04552901861473	-1.1478537446585457	0.10487693873023389
492.7417708096837	-9.283835699320385	0.04995839572194276
682.8581511772754	-5.71237074379012	0.04995839572194276
683.6828053172521	-5.856455228366926	0.05258306161094172
495.4647661901432	-8.356438721917497	0.04995839572194276
495.8007093916773	5.871041454332282	0.20749622643520266
686.7670242306842	-2.0508360182038436	0.11065722117389565
687.6727227195372	-7.054136583436849	0.04995839572194276
498.9760223346442	-7.268650106129163	0.05258306161094172
689.6369179466391	0.7717478816899821	0.14888994760949725
690.7497709575556	-3.3615953344736047	0.09966865249116202
501.70003097438394	-6.462181065945644	0.04995839572194276
502.294285	-0.987825	0.0
693.1874190363552	-3.9120319974283473	0.09966865249116202
693.3214820532424	-7.857555983960921	0.05549850524571683
505.060195	-0.592695	0.0
505.455325	-0.592695	0.0
696.0400148722624	-3.9399304208550054	0.10487693873023389
696.9618309788183	0.5957130860117786	0.15660187698201536
508.4124622318602	-10.578868295366588	0.10487693873023389
509.1983801110859	-10.49614009755336	0.10487693873023389
509.9357171694658	-5.036903886925108	0.047583103276983396
510.73721854141627	-5.219074479214116	0.04995839572194276
511.5264925647379	-5.179610778048036	0.04995839572194276
512.3157665880595	-5.140147076881956	0.04995839572194276
513.1050406113811	-5.100683375715875	0.04995839572194276
514.295503576064	-9.888201480936976	0.09966865249116202
515.475010710967	-9.770250767446674	0.09966865249116202
516.2613488009024	-9.691616958453139	0.09966865249116202
517.0476868908377	-9.612983149459605	0.09966865249116202
518.2271940257407	-9.495032435969303	0.09966865249116202
519.0135321156761	-9.416398626975768	0.09966865249116202
519.7998702056115	-9.337764817982233	0.09966865249116202
520.6929415650708	-10.166910473223309	0.11065722117389565
521.412149706841	-5.080951525132836	0.04995839572194276
522.2014237301627	-5.041487823966755	0.04995839572194276
523.004102828334	-5.2126605046812	0.05258306161094172
524.5572156497202	-9.2591310089887	0.09966865249116202
524.9836146623713	-5.298001881546277	0.04995839572194276
526.178342712251	-9.50340172379462	0.10487693873023389
527.309398964494	-8.983912677511329	0.09966865249116202
527.7460737439969	-5.159878927464995	0.04995839572194276
528.5353477673185	-5.120415226298915	0.04995839572194276
529.3246217906401	-5.080951525132835	0.04995839572194276
530.5422551468988	-9.441355575434695	0.10487693873023389
531.2978068489441	-4.982292272217634	0.04995839572194276
532.0870808722657	-4.942828571051554	0.04995839572194276
533.2462515435059	-8.787328155027492	0.09966865249116202
534.0325896334411	-8.708694346033957	0.09966865249116202
534.8189277233765	-8.630060537040423	0.09966865249116202
535.6052658133119	-8.551426728046888	0.09966865249116202
536.3916039032472	-8.472792919053353	0.09966865249116202
536.8424568627784	-5.100683375715875	0.04995839572194276
537.6452408992513	-5.233428076412997	0.05258306161094172
538.4210049094216	-5.021755973383715	0.04995839572194276
539.2102789327432	-4.982292272217634	0.04995839572194276
539.9995529560648	-4.942828571051554	0.04995839572194276
541.148949347356	-8.39415911005982	0.09966865249116202
541.9352874372914	-8.315525301066284	0.09966865249116202
542.7216255272267	-8.236891492072749	0.09966865249116202
543.5079636171621	-8.158257683079215	0.09966865249116202
543.9656549232559	-5.140147076881956	0.04995839572194276
544.7685180032579	-5.254195648144795	0.05258306161094172
545.9503819896127	-8.614073597302411	0.10487693873023389
546.7478458554646	-5.396661134461477	0.04995839572194276
547.9114569208	-8.512109823550121	0.09966865249116202
548.3786153253942	-6.016455000271333	0.05549850524571683
550.4096925055558	-11.322225251628941	0.14888994760949725
550.3390426615779	-6.008348502535722	0.04995839572194276
552.0313399531574	-11.47852862007248	0.14888994760949725
551.9540978224599	-6.458714808589057	0.05258306161094172
552.7621890960837	-6.56440172160752	0.05549850524571683
554.3201123537731	-9.062546486504864	0.09966865249116202
554.7195134910128	-6.580572169443886	0.04995839572194276
555.5087875143344	-6.5411084682778045	0.04995839572194276
556.031965	-4.148865	0.0
557.1457628667732	-7.112348442943707	0.05549850524571683
558.290978446543	-6.797622525857327	0.04995839572194276
559.5099437473464	-9.337764817982235	0.09966865249116202
560.2962818372818	-9.2591310089887	0.09966865249116202
561.8989328373644	-10.896564995559379	0.14189705460416394
561.8624434020733	-7.014672882270769	0.04995839572194276
562.6701648360674	-7.081741960542986	0.05258306161094172
563.4593325618758	-7.0402068170793894	0.05258306161094172
564.2690702441437	-7.112348442943707	0.05549850524571683
565.0376680134924	-6.957136530152198	0.05258306161094172
565.8268357393007	-6.9156013866886035	0.05258306161094172
566.616003465109	-6.874066243225009	0.05258306161094172
567.095605	-4.939125	0.0
568.6385902398905	-9.007032536915249	0.10487693873023389
569.4245081191162	-8.924304339102019	0.10487693873023389
569.7934419400741	-7.102509532274783	0.05258306161094172
570.6033343427899	-7.156184180650602	0.05549850524571683
571.7481005441764	-6.916013629355568	0.04995839572194276
573.0110774337178	-8.726961779590821	0.11065722117389565
573.7015537518974	-6.422717364779564	0.04995839572194276
574.526632867557	-6.5424838527540725	0.05549850524571683
576.2595471946772	-9.906243207729787	0.16514867741462683
577.2743339567892	-9.290281461862918	0.14888994760949725
577.2882843430915	-6.38905877077994	0.05549850524571683
578.437197891827	-6.185935157783082	0.04995839572194276
579.242687078042	-6.209503947807486	0.05258306161094172
580.0499358186258	-6.235633688805808	0.05549850524571683
581.1996569734526	-6.047812203701802	0.04995839572194276
581.9889309967742	-6.008348502535721	0.04995839572194276
582.7939418441794	-6.022595802221307	0.05258306161094172
584.4443776482769	-8.542104798796506	0.16514867741462683
584.3764849173222	-6.284594410698284	0.04995839572194276
585.1657589406437	-6.245130709532202	0.04995839572194276
585.9550329639653	-6.205667008366123	0.04995839572194276
586.3659641820485	-6.230271519539283	0.05258306161094172
587.1389439989478	-6.146471456617002	0.04995839572194276
587.8935782809194	-6.980191690491151	0.10487693873023389
587.8935782809194	-6.980191690491151	0.10487693873023389
587.8935782809194	-6.980191690491151	0.10487693873023389
588.7513297534445	-6.1479622133920175	0.05549850524571683
589.965890255864	-8.022433023964778	0.16514867741462683
589.5403730321686	-6.104126475685123	0.05549850524571683
589.9348946715306	-6.082208606831675	0.05549850524571683
590.31180281109	-6.022595802221307	0.05258306161094172
590.3294163108927	-6.060290737978228	0.05549850524571683
591.5249055803591	-7.762597136548915	0.16514867741462683
591.5249055803591	-7.762597136548915	0.16514867741462683
591.4002508798741	-7.570944408983977	0.14888994760949725
591.4589892630772	-7.662102795944588	0.15660187698201536
591.4589892630772	-7.662102795944588	0.15660187698201536
591.4589892630772	-7.662102795944588	0.15660187698201536
591.4589892630772	-7.662102795944588	0.15660187698201536
591.4589892630772	-7.662102795944588	0.15660187698201536
590.7063866739943	-6.001828230489509	0.05258306161094172
591.7876585519114	-7.210182523797723	0.15660187698201536
592.1779533324018	-7.148557032141333	0.15660187698201536
592.1779533324018	-7.148557032141333	0.15660187698201536
593.827307917106	-8.153642644120346	0.27094685033842053
593.9510357827419	-6.896731794466409	0.19739555984988075
593.6775069627073	-6.511760285025294	0.15660187698201536
595.5059920650382	-7.625021897548806	0.30587887140485215
595.5059920650382	-7.625021897548806	0.30587887140485215
595.5059920650382	-7.625021897548806	0.30587887140485215
595.5059920650382	-7.625021897548806	0.30587887140485215
595.5059920650382	-7.625021897548806	0.30587887140485215
611.7674171781462	-1.2394378897185974	1.2649174553900444
611.7466732486639	-1.374461849048565	1.2490457723982544
611.7466732486639	-1.374461849048565	1.2490457723982544
612.5937273982591	-0.9104144644457585	1.3258176636680326
612.5817765855571	-1.025690960912529	1.313472611823808
612.6376165623235	-0.08216732220852035	1.4141944498128813
612.9701157250827	-0.45914114480289897	1.4219063791853994
613.0287294882489	-0.06838272369404844	1.4219063791853994
612.9692235704813	0.4776541498313444	1.5182132651839548
612.9692235704813	0.4776541498313444	1.5182132651839548
612.9692235704813	0.4776541498313444	1.5182132651839548
612.9701157250827	-0.45914114480289897	1.4219063791853994
612.9613662921679	-0.6171102326126745	1.4056476493802699
612.9484559987495	0.0830702869271898	1.5182132651839548
612.9486569676505	0.05479467213361775	1.5152978215491797
613.3022603830252	-0.9085133290780769	1.4219063791853994
613.3022603830252	-0.9085133290780769	1.4219063791853994
613.3222722899218	-0.33228114770876244	1.5182132651839548
613.2333296483353	-1.3763026469927269	1.4141944498128813
613.30150471819	-0.726865010612917	1.5182132651839548
613.249770910674	-1.2512639919250794	1.4659193880646628
613.2807371464583	-1.1214488735170716	1.5182132651839548
613.6782830331367	-1.114849557941768	1.5208379310729538
613.7572104354689	-0.46369848870144437	1.6207547225168393
613.6585511825537	-1.5094865696025708	1.5208379310729538
613.7572104354689	-0.46369848870144437	1.6207547225168393
613.7572104354689	-0.46369848870144437	1.6207547225168393
613.7572104354689	-0.46369848870144437	1.6207547225168393
613.365096475866	-0.4273984426422262	1.6262948320406134
613.325815	-0.9878250000000006	1.5707963267948966
613.7572104354689	-0.46369848870144437	1.6207547225168393
613.2774250004522	-1.1506881148059935	1.5152978215491797
613.6782830331367	-1.114849557941768	1.5208379310729538
613.2774250004522	-1.1506881148059935	1.5152978215491797
613.325815	-0.5926950000000006	1.5707963267948966
613.3430398616537	-0.062302715195393384	1.6233793884058383
613.3430398616537	-0.062302715195393384	1.6233793884058383
613.325815	-0.1975650000000006	1.5707963267948966
613.3222722899218	0.3322811477087612	1.6233793884058383
613.30150471819	0.7268650106129158	1.6233793884058383
613.30150471819	0.7268650106129158	1.6233793884058383
613.2084068117674	1.6442229315379158	1.6756732655251305
613.2441823203098	1.8843917306803317	1.6207547225168393
613.2244504697268	2.279028742341135	1.6207547225168393
613.0743876729587	3.118704571110811	1.6657480331376529
613.0743876729587	3.118704571110811	1.6657480331376529
612.7407802814315	3.862768342114355	1.6233793884058383
612.7200127096997	4.25735220501851	1.6233793884058383
612.443170981995	5.139489289146818	1.6756732655251305
612.930685	4.939124999999999	1.5707963267948966
612.2253672954868	5.841112049443753	1.6262948320406134
612.6127631016525	6.600304020026925	1.6207547225168393
613.2639141708929	6.422717364779564	1.5208379310729538
612.5331045641135	7.808606971155901	1.6233793884058383
613.7177467343028	7.586896549178933	1.5208379310729538
612.9087408603981	8.59322092891398	1.6207547225168393
612.9087408603981	8.59322092891398	1.6207547225168393
613.568135201201	11.765305347817606	1.6183794300718801
613.4676452920444	12.605916041201148	1.6233793884058383
613.3430398616537	14.973419218626075	1.6233793884058383
614.116075	15.212505	1.5707963267948966
614.116075	16.002765	1.5707963267948966
615.4197970348334	16.967106104878646	1.5182132651839548
613.5993556308046	18.51834177218317	1.6207547225168393
614.511205	19.163805	1.5707963267948966
614.511205	19.954065	1.5707963267948966
614.511205	20.744325	1.5707963267948966
613.3845750051172	21.702112459728497	1.6233793884058383
614.511205	22.324845	1.5707963267948966
614.906335	23.115105	1.5707963267948966
612.5091310089887	24.55340685823118	1.6704649792860586
613.613018294167	24.879550934693533	1.6233793884058383
614.0943788908799	25.635585454350178	1.6183794300718801
612.6663986269758	26.95173803253398	1.6704649792860586
613.8829967266804	27.26782168385026	1.6233793884058383
613.8414615832168	28.05698940965857	1.6233793884058383
613.7999264397532	28.84615713546688	1.6233793884058383
613.7583912962896	29.63532486127519	1.6233793884058383
613.6960885810942	30.81907644998765	1.6233793884058383
614.1321155965467	31.600558708738777	1.6207547225168393
612.6623065884876	32.45138540209898	1.6657480331376529
613.5922507224352	32.79199576450843	1.6233793884058383
613.9452994418758	33.60193106204853	1.6233793884058383
616.091725	33.783615	1.5707963267948966
614.2775805895845	34.806450222492785	1.6233793884058383
614.630629309025	35.6163855200329	1.6233793884058383
615.0989762751157	36.00076138875673	1.6207547225168393
614.9629104567339	36.82090468047716	1.6233793884058383
615.4344177350273	37.20440427432218	1.6207547225168393
613.3324991084872	38.210086364984896	1.6756732655251305
615.1623617218487	38.4549009033736	1.6262948320406134
613.806588857382	39.37587985351245	1.6704649792860586
613.806588857382	39.37587985351245	1.6704649792860586
611.7543178485819	41.145286595916915	1.727398203776912
616.4407421147623	40.815332931018524	1.6207547225168393
613.8096237533049	42.71847791109707	1.6814535479687922
616.6243161952776	42.84350048269847	1.6233793884058383
612.7747365145282	44.38038767743768	1.719686274404394
617.0721613334197	44.01189272547102	1.6207547225168393
616.9150621995228	44.837187368951035	1.6233793884058383
614.2459718422845	45.94745376954568	1.6814535479687922
616.7185304104435	46.060401395519875	1.6262948320406134
616.7185304104435	46.060401395519875	1.6262948320406134
617.3089435404161	47.18872066934048	1.6207547225168393
617.0034627055383	48.054927461183595	1.6262948320406134
614.9663810152985	49.10952642687774	1.6756732655251305
612.7403257150842	50.10152471664572	1.727398203776912
613.3360388010959	51.39566004142992	1.727398203776912
616.2900321803102	51.63273646018121	1.6756732655251305
613.9317518871078	52.689795366214135	1.727398203776912
616.951857762816	52.894341476832956	1.6756732655251305
614.137170192629	53.92230519934195	1.727398203776912
613.6109560107076	54.40313892769638	1.7359450042095235
614.7676044621834	55.06763049476474	1.719686274404394
614.7676044621834	55.06763049476474	1.719686274404394
615.0411353569596	55.907761100148775	1.719686274404394
614.0960865315247	56.71599415443167	1.727398203776912
613.972835548212	57.49658371541262	1.727398203776912
613.972835548212	57.49658371541262	1.727398203776912
613.7879590732429	58.66746805688404	1.727398203776912
613.7879590732429	58.66746805688404	1.727398203776912
613.6030825982737	59.83835239835547	1.727398203776912
620.0146203997657	59.14603183639297	1.6183794300718801
613.027911342814	60.94761124817049	1.727398203776912
616.0832116857771	61.14647920870249	1.6756732655251305
612.8430348678448	62.11849558964192	1.727398203776912
612.7814093761884	62.50879037013239	1.727398203776912
612.6581583928756	63.28937993111334	1.727398203776912
616.4646911406527	63.37619769581641	1.6657480331376529
615.3179758560048	64.64174556631139	1.6756732655251305
611.8981106624468	65.5695231223998	1.727398203776912
611.8981106624468	65.5695231223998	1.727398203776912
611.7132341874776	66.74040746387122	1.727398203776912
611.6516086958213	67.1307022443617	1.727398203776912
611.5283577125085	67.91129180534266	1.727398203776912
611.9932196723105	68.236189286133	1.719686274404394
614.5113759273257	68.52997086353314	1.6756732655251305
614.4700118284192	68.92292980314596	1.6756732655251305
618.7553944280344	68.97551218289234	1.6183794300718801
610.1031715305934	70.64288189118783	1.7359450042095235
614.6561502734988	70.92908860011676	1.6756732655251305
611.4656958038136	71.75301507611265	1.719686274404394
614.9074621832915	72.04822749032608	1.6704649792860586
614.8288283742979	72.83456558026143	1.6704649792860586
614.7108776608077	74.01407271516445	1.6704649792860586
614.6322438518141	74.80041080509979	1.6704649792860586
618.0988137882352	74.97093395178936	1.6233793884058383
610.1109714044115	76.88807175662357	1.727398203776912
618.4103273642122	76.57003697513778	1.6233793884058383
611.30939243537	78.1223773401869	1.719686274404394
615.4578988462463	78.45688292329915	1.6704649792860586
611.9150679880887	79.41188012984611	1.719686274404394
616.5021530574228	79.65340053242478	1.6657480331376529
611.5078158819564	80.7088522393198	1.727398203776912
615.9798014385105	81.00124668387731	1.6756732655251305
612.1035289679681	82.00298756410403	1.727398203776912
616.6416270210163	82.26285170052905	1.6756732655251305
616.6416270210163	82.26285170052905	1.6756732655251305
608.6733363867576	84.52468173507499	1.7782925532300993
608.5919354653803	84.9113361116168	1.7782925532300993
614.4818439184996	84.825567503893	1.7126933813990606
613.8297842515221	85.29279436753431	1.719686274404394
617.9348638295426	85.45529192372373	1.6704649792860586
611.9220227425044	86.16807616428565	1.7359450042095235
611.8570637706505	86.55782999540945	1.7359450042095235
616.6209449715631	86.23380519556402	1.6756732655251305
611.7543178485819	86.74815042164612	1.727398203776912
612.8724261198055	86.34784210452821	1.719686274404394
616.6623090704696	85.84084625595118	1.6756732655251305
617.0552680100825	85.88221035485779	1.6756732655251305
617.0552680100825	85.88221035485779	1.6756732655251305
608.2663317798714	86.45795361778406	1.7782925532300993
617.8955469250458	85.84846096869141	1.6704649792860586
612.9868276817098	86.54273211612481	1.727398203776912
612.9868276817098	86.54273211612481	1.727398203776912
613.3771224622002	86.6043576077812	1.727398203776912
613.3771224622002	86.6043576077812	1.727398203776912
614.4940735674072	86.19153873608467	1.719686274404394
613.0912842358758	86.36295307984756	1.7359450042095235
614.2193375148375	86.3373138106035	1.727398203776912
619.0614268070533	85.69607190977803	1.6756732655251305
611.9290332694409	86.55785858897728	1.7681918866447774
615.1050123633488	86.29799410799359	1.7359450042095235
613.4788606389839	86.86782406288589	1.7681918866447774
617.4435353500916	86.68774793911739	1.7359450042095235
619.9646914629311	87.01213142041325	1.719686274404394
613.0728929058621	88.59770235580046	1.8157749899217608
613.0728929058621	88.59770235580046	1.8157749899217608
613.0728929058621	88.59770235580046	1.8157749899217608
613.0728929058621	88.59770235580046	1.8157749899217608
615.3144892505524	98.16594184152851	2.432966381462123
615.3144892505524	98.16594184152851	2.432966381462123
615.3144892505524	98.16594184152851	2.432966381462123
615.3144892505524	98.16594184152851	2.432966381462123
615.3144892505524	98.16594184152851	2.432966381462123
615.3144892505524	98.16594184152851	2.432966381462123
615.3144892505524	98.16594184152851	2.432966381462123
476.8026164016391	103.9567956266052	-2.8842689386187046
475.486299559855	104.43219339907706	-2.8706458032513726
473.20201057006255	103.79766867969029	-2.8706458032513726
470.8696980983215	103.2126668902569	-2.8842689386187046
466.8567633761946	104.49564587101575	-2.8706458032513726
466.8567633761946	104.49564587101575	-2.8706458032513726
466.8567633761946	104.49564587101575	-2.8706458032513726
466.8567633761946	104.49564587101575	-2.8706458032513726
466.8567633761946	104.49564587101575	-2.8706458032513726
466.8567633761946	104.49564587101575	-2.8706458032513726
466.8567633761946	104.49564587101575	-2.8706458032513726
466.8567633761946	104.49564587101575	-2.8706458032513726
466.8567633761946	104.49564587101575	-2.8706458032513726
466.8567633761946	104.49564587101575	-2.8706458032513726
466.8567633761946	104.49564587101575	-2.8706458032513726
466.8567633761946	104.49564587101575	-2.8706458032513726
466.8567633761946	104.49564587101575	-2.8706458032513726
466.8567633761946	104.49564587101575	-2.8706458032513726
466.8567633761946	104.49564587101575	-2.8706458032513726
466.8567633761946	104.49564587101575	-2.8706458032513726
466.8567633761946	104.49564587101575	-2.8706458032513726
466.8567633761946	104.49564587101575	-2.8706458032513726
466.8567633761946	104.49564587101575	-2.8706458032513726
449.45085744397164	99.21046098395115	-2.8842689386187046
449.551415381316	98.82834082204256	-2.8842689386187046
449.551415381316	98.82834082204256	-2.8842689386187046
439.75012033608994	100.08771517216886	-2.788602265762883
442.9072698251866	97.00336700093627	-2.835713782184941
434.32520615830424	97.66796927991912	-2.788602265762883
438.08781052405834	95.81160270171159	-2.8842689386187046
438.08781052405834	95.81160270171159	-2.8842689386187046
438.08781052405834	95.81160270171159	-2.8842689386187046
