x_actual	y_actual	theta_actual
612.729478279116	3.8904217214869283	-3.0860941483440762
613.1455230673946	3.8575767889843453	-3.0916342578678506
613.1455230673946	3.8575767889843453	-3.0916342578678506
613.1546580164535	3.8340611676594114	-3.0940095503128098
613.1546580164535	3.8340611676594114	-3.0940095503128098
613.1455230673946	3.8575767889843453	-3.0916342578678506
612.729478279116	3.8904217214869283	-3.0860941483440762
613.1455230673946	3.8575767889843453	-3.0916342578678506
612.7407802814315	3.862768342114354	-3.0890095919788516
612.7407802814315	3.862768342114354	-3.0890095919788516
612.729478279116	3.8904217214869283	-3.0860941483440762
613.1546580164535	3.8340611676594114	-3.0940095503128098
613.1455230673946	3.8575767889843453	-3.0916342578678506
613.1546580164535	3.8340611676594114	-3.0940095503128098
613.1455230673946	3.8575767889843453	-3.0916342578678506
613.1546580164535	3.8340611676594114	-3.0940095503128098
613.1546580164535	3.8340611676594114	-3.0940095503128098
613.1546580164535	3.8340611676594114	-3.0940095503128098
612.7407802814315	3.862768342114354	-3.0890095919788516
613.1455230673946	3.8575767889843453	-3.0916342578678506
613.1455230673946	3.8575767889843453	-3.0916342578678506
612.7407802814315	3.862768342114354	-3.0890095919788516
613.1546580164535	3.8340611676594114	-3.0940095503128098
613.1546580164535	3.8340611676594114	-3.0940095503128098
612.7407802814315	3.862768342114354	-3.0890095919788516
612.7407802814315	3.862768342114354	-3.0890095919788516
612.7407802814315	3.862768342114354	-3.0890095919788516
613.1546580164535	3.8340611676594114	-3.0940095503128098
613.1546580164535	3.8340611676594114	-3.0940095503128098
613.1455230673946	3.8575767889843453	-3.0916342578678506
612.729478279116	3.8904217214869283	-3.0860941483440762
612.7407802814315	3.862768342114354	-3.0890095919788516
613.1546580164535	3.8340611676594114	-3.0940095503128098
612.7407802814315	3.862768342114354	-3.0890095919788516
612.7407802814315	3.862768342114354	-3.0890095919788516
612.729478279116	3.8904217214869283	-3.0860941483440762
612.7407802814315	3.862768342114354	-3.0890095919788516
612.729478279116	3.8904217214869283	-3.0860941483440762
612.729478279116	3.8904217214869283	-3.0860941483440762
612.7407802814315	3.862768342114354	-3.0890095919788516
612.7407802814315	3.862768342114354	-3.0890095919788516
612.7407802814315	3.862768342114354	-3.0890095919788516
612.7407802814315	3.862768342114354	-3.0890095919788516
612.729478279116	3.8904217214869283	-3.0860941483440762
612.7407802814315	3.862768342114354	-3.0890095919788516
612.7407802814315	3.862768342114354	-3.0890095919788516
612.7407802814315	3.862768342114354	-3.0890095919788516
612.7407802814315	3.862768342114354	-3.0890095919788516
612.7407802814315	3.862768342114354	-3.0890095919788516
612.7508860557339	3.8378449384013056	-3.0916342578678506
612.7407802814315	3.862768342114354	-3.0890095919788516
612.7407802814315	3.862768342114354	-3.0890095919788516
612.7508860557339	3.8378449384013056	-3.0916342578678506
612.5686517965623	4.261293032598857	-3.046640947247037
612.5686517965623	4.261293032598857	-3.046640947247037
612.1329402401954	4.312207311014534	-3.036715714859559
612.1329402401954	4.312207311014534	-3.036715714859559
612.7200127096997	3.260508761892226	3.0890095919788516
612.7200127096997	3.260508761892226	3.0890095919788516
612.3254288467956	3.281276333624023	3.0890095919788516
612.3254288467956	3.281276333624023	3.0890095919788516
611.9418801818292	4.193018248896028	-3.0916342578678506
612.140425	3.753735000000001	-3.141592653589793
611.9308449838913	4.2158170615549135	-3.0890095919788516
611.9308449838913	4.2158170615549135	-3.0890095919788516
611.9418801818292	4.193018248896028	-3.0916342578678506
611.5362611209872	4.195049489823116	-3.0890095919788516
611.5362611209872	4.195049489823116	-3.0890095919788516
611.5362611209872	4.195049489823116	-3.0890095919788516
611.9308449838913	3.302043905355821	3.0890095919788516
611.7452949999999	3.7537350000000007	-3.141592653589793
611.5472431701684	4.173286398312987	-3.0916342578678506
611.1416772580831	4.174281918091319	-3.0890095919788516
610.7470933951789	4.153514346359521	-3.0890095919788516
610.7470933951789	4.153514346359521	-3.0890095919788516
610.3525095322748	4.132746774627724	-3.0890095919788516
609.9579256693706	4.1119792028959266	-3.0890095919788516
609.5740581118644	4.074627145397788	-3.0916342578678506
609.1794211002035	4.054895294814747	-3.0916342578678506
608.7847840885428	4.035163444231707	-3.0916342578678506
608.3901470768819	4.0154315936486675	-3.0916342578678506
607.9850063548498	4.008141344236938	-3.0890095919788516
607.6008730535603	3.975967892482587	-3.0916342578678506
606.983109926322	4.1674329648413835	-3.036715714859559
606.8012547661374	3.9458386290415457	-3.0890095919788516
606.4066709032332	3.9250710573097476	-3.0890095919788516
605.8252572445383	4.029982710918649	-3.0419240010986313
605.0183152282577	3.9606124703083117	-3.036715714859559
604.6253562886449	3.919248371401698	-3.036715714859559
603.8394384094192	3.836520173588469	-3.036715714859559
603.4464794698064	3.795156074681855	-3.036715714859559
603.0535205301936	3.7537919757752403	-3.036715714859559
603.25	3.758930483455367	-3.0890095919788516
603.2598659252915	3.7589175360691462	-3.0916342578678506
602.6799048847969	3.7154474749445106	-3.0419240010986313
603.052435	3.753735	-3.141592653589793
602.4608322741917	3.7173953399917727	-3.0890095919788516
601.6716645483834	3.675860196528177	-3.0890095919788516
601.2866808669875	3.660258283153946	-3.0916342578678506
600.681655	3.753735	-3.141592653589793
600.286525	3.753734999999999	-3.141592653589793
599.6987452338626	3.5720223378691895	-3.0890095919788516
599.3041613709585	3.5512547661373914	-3.0890095919788516
598.7309721944524	3.298786887802483	-3.036715714859559
598.3380132548396	3.2574227888958687	-3.036715714859559
598.120409782246	3.4889520509419993	-3.0890095919788516
597.7258259193418	3.4681844792102012	-3.0890095919788516
597.520615	3.753734999999999	-3.141592653589793
597.520615	3.753734999999999	-3.141592653589793
597.3205788997965	4.054895294814747	3.0916342578678506
596.9259418881356	4.074627145397788	3.0916342578678506
596.1761315659801	3.0091072139136217	-3.0916342578678506
596.1366678648141	4.114090846563867	3.0916342578678506
595.7222990025701	3.739185685486105	3.0916342578678506
595.149835	3.358604999999999	-3.141592653589793
594.5814828684615	2.882199754228342	-3.0860941483440762
595.1703761259143	4.580419373873391	3.0419240010986313
594.5481847028123	4.172360682452889	3.0940095503128098
594.1745711532044	4.236584633286712	3.0890095919788516
593.7799872903003	4.257352205018509	3.0890095919788516
593.174185	4.148864999999998	-3.141592653589793
593.0190354726936	5.061219674549793	3.0916342578678506
592.6243984610329	5.080951525132834	3.0916342578678506
591.988795	4.543994999999998	-3.141592653589793
591.4540192563389	5.171125361217603	3.0890095919788516
591.0458504143896	5.159878927464994	3.0916342578678506
590.217112689902	3.5024034784896263	-3.0916342578678506
590.2702676676265	5.233428076412996	3.0890095919788516
589.4278386665803	3.462939777323546	-3.0916342578678506
589.4673023677465	5.238806329797154	3.0916342578678506
589.0726653560856	5.258538180380194	3.0916342578678506
588.2973483531057	5.337265935071984	3.0890095919788516
587.642365	4.543994999999998	-3.141592653589793
587.642365	4.543994999999998	-3.141592653589793
587.0402847460325	3.7391856854861083	-3.0916342578678506
587.1192121483647	5.751834444956198	3.0916342578678506
586.7245751367038	5.7715662955392375	3.0916342578678506
586.3299381250431	5.791298146122278	3.0916342578678506
585.9353011133823	5.811029996705318	3.0916342578678506
585.271585	4.939124999999998	-3.141592653589793
584.6307704089963	3.912339590340372	-3.0860941483440762
585.1657589406437	6.245130709532201	3.0916342578678506
584.7711219289829	6.26486256011524	3.0916342578678506
584.3764849173222	6.284594410698281	3.0916342578678506
583.691065	5.334254999999998	-3.141592653589793
583.4490879399192	4.350873053560353	-3.0916342578678506
583.0544509282585	4.331141202977313	-3.0916342578678506
582.6598139165976	4.311409352394272	-3.0916342578678506
582.835476987643	6.811763528029614	3.0890095919788516
582.4408931247387	6.832531099761411	3.0890095919788516
582.110545	5.729384999999997	-3.141592653589793
581.715415	5.729384999999997	-3.141592653589793
581.0615340193714	4.627118961722915	-3.0916342578678506
580.6668970077105	4.607387111139874	-3.0916342578678506
580.055081538116	3.319468937255787	-3.036715714859559
580.4887413819498	7.330952821324554	3.0890095919788516
579.739765	6.124514999999997	-3.141592653589793
579.739765	6.124514999999997	-3.141592653589793
579.6803044785586	7.310650641016367	3.0916342578678506
578.949505	6.124514999999997	-3.141592653589793
578.2793430871627	4.883633019302437	-3.0916342578678506
577.8720273437433	4.79730907004525	-3.0890095919788516
577.4900690638411	4.844169318136356	-3.0916342578678506
577.0757002015972	5.21907447921412	-3.0916342578678506
576.578725	6.519644999999997	-3.141592653589793
576.183595	6.519644999999997	-3.141592653589793
576.183595	6.519644999999997	-3.141592653589793
575.497152154954	5.14014707688196	-3.0916342578678506
575.1025151432932	5.1204152262989195	-3.0916342578678506
574.3132411199716	5.08095152513284	-3.0916342578678506
573.9307087178986	5.130875974367739	-3.0940095503128098
573.1162534171617	4.942682072167834	-3.0890095919788516
572.7216695542575	4.921914500436036	-3.0890095919788516
572.3270856913533	4.901146928704239	-3.0890095919788516
572.2471745067985	8.25207762332298	3.0860941483440762
570.9756618281142	2.761053602016493	-3.036715714859559
570.7812398656074	4.508727858224677	-3.0916342578678506
570.256645	6.124514999999995	-3.141592653589793
569.861515	6.124514999999995	-3.141592653589793
569.466385	6.124514999999995	-3.141592653589793
568.676125	6.124514999999995	-3.141592653589793
568.280995	6.124514999999995	-3.141592653589793
568.2358311403952	7.88287430792453	3.0916342578678506
567.8411941287345	7.902606158507568	3.0916342578678506
567.4465571170737	7.922338009090609	3.0916342578678506
566.6783061803044	8.05781783193747	3.0890095919788516
565.910215	6.124514999999994	-3.141592653589793
565.2563217023562	4.232481950062114	-3.0916342578678506
564.8616846906954	4.212750099479074	-3.0916342578678506
565.0984668976919	8.435366124249652	3.0916342578678506
564.329695	6.519644999999995	-3.141592653589793
563.65804180513	4.548191559390757	-3.0916342578678506
563.2634047934691	4.528459708807717	-3.0916342578678506
562.4624891187495	4.3819576354093	-3.0890095919788516
562.354045	6.519644999999994	-3.141592653589793
561.684856746826	4.449532306475557	-3.0916342578678506
561.168655	6.519644999999994	-3.141592653589793
560.4895698042287	4.278119776750311	-3.0890095919788516
560.8010833802057	9.158499133722742	3.0890095919788516
559.6919398379389	4.745510065221159	-3.0916342578678506
559.297302826278	4.725778214638119	-3.0916342578678506
558.0805314833402	4.942682072167836	-3.0890095919788516
557.490965584558	2.533551058030113	-3.036715714859559
557.612485	7.705034999999994	-3.141592653589793
556.8760123228959	5.274963219876597	-3.0890095919788516
556.4953800434864	5.376929283878444	-3.0916342578678506
555.9075026817864	3.2310903214211057	-3.046640947247037
556.1283797405513	10.591461583216775	3.0890095919788516
555.241705	8.100164999999993	-3.141592653589793
554.4877415737392	5.544941652389967	-3.0890095919788516
554.451445	8.495294999999993	-3.141592653589793
553.283222413295	5.877222800098728	-3.0890095919788516
552.8886385503909	5.856455228366931	-3.0890095919788516
552.5095462257123	5.968884801369648	-3.0916342578678506
551.4724891936456	3.0919663932694026	-3.036715714859559
551.2895355270424	6.167968804343895	-3.0890095919788516
550.5003678012341	6.1264336608803	-3.0890095919788516
550.0850163665981	6.500249952052657	-3.0890095919788516
549.2958486407898	6.458714808589061	-3.0890095919788516
548.5066809149815	6.417179665125466	-3.0890095919788516
548.0913294803456	6.790995956297824	-3.0890095919788516
547.3021617545372	6.749460812834228	-3.0890095919788516
546.5129940287289	6.707925669370632	-3.0890095919788516
545.8864399457847	4.261293032598851	-3.046640947247037
545.3084748682846	7.040206817079395	-3.0890095919788516
544.5193071424764	6.9986716736158	-3.0890095919788516
543.7301394166681	6.957136530152205	-3.0890095919788516
543.0754776676977	4.108616519912187	-3.0419240010986313
542.268977186924	3.7124278768686154	-3.036715714859559
541.4830593076983	3.629699679055386	-3.036715714859559
541.3610506462946	7.38957804334854	-3.0916342578678506
540.2628183899532	3.898566321948379	-3.036715714859559
540.1574077607291	7.725019503260223	-3.0916342578678506
539.3681337374076	7.685555802094142	-3.0916342578678506
538.2566595929824	4.084704767028142	-3.036715714859559
538.1436626208144	7.850142114619502	-3.0890095919788516
537.3544948950062	7.808606971155906	-3.0890095919788516
536.6668222347246	4.659053182866929	-3.0419240010986313
536.5862011681965	8.495076704813984	-3.0940095503128098
536.151842092372	8.71161203241223	-3.0916342578678506
535.3400404370218	8.49393683830523	-3.0890095919788516
534.9679310573896	8.65241648066311	-3.0916342578678506
534.229174155925	5.209489845821673	-3.0419240010986313
533.4170600209085	4.767212398987275	-3.036715714859559
533.3696511601634	8.968126089991753	-3.0916342578678506
532.5571858249609	8.7431476990868	-3.0890095919788516
532.1857401251809	8.908930538242632	-3.0916342578678506
531.7936247086221	9.453591996728838	-3.0940095503128098
530.6120189422224	5.641975795286112	-3.0419240010986313
530.6120189422224	5.641975795286112	-3.0419240010986313
529.3633783280603	5.532448228759638	-3.036715714859559
528.3847849383044	0.941905091882488	-2.976443976175166
528.5748114684845	9.91525491797768	-3.0916342578678506
528.1801744568238	9.895523067394642	-3.0916342578678506
527.3909004335022	9.85605936622856	-3.0916342578678506
526.178342712251	5.594494377119558	-3.036715714859559
526.1872575479367	10.191500826140242	-3.0916342578678506
525.0290185036814	5.877877222266718	-3.0419240010986313
524.0407013909858	1.294135324784208	-2.984990776607778
524.2140724896327	10.09284157322504	-3.0916342578678506
523.3986866912383	9.843829000872073	-3.0890095919788516
523.0301614546503	10.033646021475922	-3.0916342578678506
522.2149351025257	9.781526285676682	-3.0890095919788516
522.2149351025257	9.781526285676682	-3.0890095919788516
520.6769175576713	5.015396992426958	-3.036715714859559
520.6769175576713	5.015396992426958	-3.036715714859559
519.9815244992606	5.366419577316796	-3.046640947247037
519.1464458981266	4.456981657187667	-3.036715714859559
519.1232550392084	9.047053492323913	-3.0916342578678506
518.7502989715847	9.228058986866518	-3.0940095503128098
517.6159742385819	3.898566321948373	-3.036715714859559
517.223015298969	3.8572022230417593	-3.036715714859559
517.1500699809044	8.948394239408714	-3.0916342578678506
516.7768851352895	9.134086899423885	-3.0940095503128098
516.3822023680304	9.115292481935358	-3.0940095503128098
515.5485445766187	8.639309840427813	-3.0890095919788516
514.8679728601419	4.879414659305497	-3.046640947247037
514.0379796831597	3.9192483714016815	-3.036715714859559
513.6450207435469	3.8778842724950664	-3.036715714859559
513.5548576903661	8.93005584467298	-3.0890095919788516
512.8177387654147	4.188115014294672	-3.036715714859559
512.447609064716	4.619736278370165	-3.0419240010986313
512.0770600607696	5.010531368000845	-3.046640947247037
511.58193837584537	8.826217986013992	-3.0890095919788516
511.6272147434332	9.2844422393321	-3.0940095503128098
510.792770650037	8.784682842550396	-3.0890095919788516
510.3981867871329	8.7639152708186	-3.0890095919788516
510.00360292422874	8.743147699086801	-3.0890095919788516
510.196885	13.631984999999988	-3.141592653589793
508.8406189072481	8.286261120987255	-3.0890095919788516
508.4877875749497	8.11965651492103	-3.0916342578678506
507.4404059075548	2.430140810763567	-3.036715714859559
506.9092347361909	7.393255536519959	-3.0890095919788516
695.0746304522	12.954920031684821	-3.0419240010986313
693.9352605788365	17.398518699871563	-2.992702705980296
694.4012837683539	8.711612032412207	-3.0916342578678506
504.54173155876595	7.268650106129171	-3.0890095919788516
504.1665122972639	7.507969146846786	-3.0916342578678506
692.8227357217107	8.632684630080046	-3.0916342578678506
692.0334616983891	8.593220928913967	-3.0916342578678506
691.1036230980266	12.954920031684821	-3.0419240010986313
690.3172850080912	12.876286222691288	-3.0419240010986313
500.5958929297244	7.060974388811196	-3.0890095919788516
688.8566337545196	8.830003135910447	-3.0916342578678506
687.8796369292916	13.42672288564603	-3.0419240010986313
687.5871088028301	10.17611014858082	-3.0890095919788516
498.342985	9.680684999999986	-3.141592653589793
498.342985	9.680684999999986	-3.141592653589793
498.342985	9.680684999999986	-3.141592653589793
686.029735	8.49529500000001	-3.141592653589793
496.367335	6.914774999999987	-3.141592653589793
495.57707500000004	6.519644999999987	-3.141592653589793
495.181945	6.124514999999986	-3.141592653589793
495.22798398314677	11.533266665786943	3.0916342578678506
683.263825	10.07581500000001	-3.141592653589793
683.288221454348	5.877222800098731	3.0890095919788516
493.601425	6.124514999999986	-3.141592653589793
493.6691677870866	12.006831079779907	3.0916342578678506
493.02074142979194	1.278020389219797	-3.0940095503128098
493.34801039532704	13.10433776276428	3.0890095919788516
492.811165	7.705034999999985	-3.141592653589793
492.416035	8.495294999999986	-3.141592653589793
492.416035	9.285554999999986	-3.141592653589793
493.0772122695954	15.992664897554013	3.0916342578678506
492.02090499999997	11.261204999999986	-3.141592653589793
680.0562283944837	10.763724493048382	-3.0916342578678506
678.9980061227373	14.52913974094826	-3.036715714859559
679.2866862217452	10.329623780221501	-3.0916342578678506
678.8920492100843	10.30989192963846	-3.0916342578678506
489.15296090550396	6.458714808589066	-3.0890095919788516
490.0187754292242	18.12370476052235	3.0916342578678506
676.8502742174908	11.193721163438903	-3.0890095919788516
676.4349227828548	11.567537454611262	-3.0890095919788516
674.534104970782	18.883400700085193	-2.992702705980296
486.1513327149483	3.837844938401324	-3.0916342578678506
486.7038245312734	15.124463471900247	3.0916342578678506
485.698825	8.890424999999986	-3.141592653589793
485.303695	8.890424999999986	-3.141592653589793
673.0134545051185	15.574791897169012	-3.046640947247037
673.2159491644261	12.585148469469344	-3.0890095919788516
673.2487399433348	12.401468091440716	-3.0916342578678506
672.821365301522	12.564380897737546	-3.0890095919788516
672.990445	8.890425000000008	-3.141592653589793
672.595315	8.890425000000008	-3.141592653589793
483.328045	9.680684999999986	-3.141592653589793
483.62878682484575	16.385614096388302	3.0890095919788516
483.6059239897361	16.466229311546975	3.0916342578678506
482.5281055230605	4.5273306375318905	-3.0890095919788516
482.5073379513287	4.921914500436045	-3.0890095919788516
482.4658028078651	5.711082226244354	-3.0890095919788516
482.02968380149736	6.479482380320865	-3.0890095919788516
482.40350009266973	6.894833814956817	-3.0890095919788516
481.81974046173417	1.1598486826546435	-3.0419240010986313
668.9071837068146	16.44116056815488	-2.992702705980296
669.2827411023206	12.758335509200986	-3.0419240010986313
669.8351297924689	9.461422354567736	-3.0916342578678506
668.5113956641178	16.10479515287013	-2.984990776607778
668.5730211557742	15.714500372379652	-2.984990776607778
669.436251109239	9.220801848918132	-3.0890095919788516
669.436251109239	9.220801848918132	-3.0890095919788516
670.2494986547129	9.086517193489973	-3.0916342578678506
670.2494986547129	9.086517193489973	-3.0916342578678506
670.2494986547129	9.086517193489973	-3.0916342578678506
669.2567608302296	12.709119389057232	-3.036715714859559
669.8308349721432	9.241569420649931	-3.0890095919788516
669.854861643052	9.066785342906932	-3.0916342578678506
668.6336528120383	15.601029962770854	-2.992702705980296
479.912598085203	3.50560738233553	-3.036715714859559
480.957265	16.793024999999986	-3.141592653589793
668.3015081540958	15.151657778495672	-2.992702705980296
669.8745934936351	8.67214833124613	-3.0916342578678506
669.2002525226462	14.487368462610627	-2.992702705980296
669.2002525226462	14.487368462610627	-2.992702705980296
669.9140571948011	7.882874307924525	-3.0916342578678506
669.5194201831403	7.8631424573414845	-3.0916342578678506
480.0825359780519	12.350719098917637	-3.0860941483440762
479.7244833392678	12.68898632812835	-3.0890095919788516
480.167005	18.768674999999984	-3.141592653589793
478.5482851583106	11.474004344779736	-3.0860941483440762
666.0155713906091	14.40921677838886	-2.992702705980296
666.2160225515728	11.6574621832915	-3.0419240010986313
476.7275624693937	3.5676535306954538	-3.036715714859559
476.7131854381572	9.760758713944886	-3.0890095919788516
476.0243727879813	2.699007453656556	-3.036715714859559
475.9447852840807	9.324639707577138	-3.0890095919788516
664.3299434798007	8.790539434744373	-3.0916342578678506
663.8570082817668	11.421560756310896	-3.0419240010986313
662.8895040217383	13.940306673058236	-2.992702705980296
663.1099870963283	10.94975790234969	-3.0419240010986313
662.7561349558573	10.517271952885249	-3.0419240010986313
473.2619042929947	5.236177067754505	-3.0309354324158977
473.3099145023366	13.161680246495191	-3.0860941483440762
472.8554862364713	7.411236497640646	-3.0419240010986313
472.95072467489445	14.65089905790732	-3.0916342578678506
660.436437590548	9.888201480936974	-3.0419240010986313
660.0493086864665	7.144044675738372	-3.0890095919788516
470.3820069057297	6.108873245713589	-3.0309354324158977
470.52634515794875	13.402776803883114	-3.0860941483440762
469.71013387672986	7.0967012616665075	-3.0419240010986313
657.6449373712776	10.006152194427274	-3.0419240010986313
656.8511026397696	7.7670718276923	-3.0890095919788516
467.04140401025063	12.021951066115921	-3.0860941483440762
654.8574157535171	8.057817831937466	-3.0890095919788516
654.0693811766199	8.27751131958533	-3.0916342578678506
465.152065	17.978414999999984	-3.141592653589793
463.3255944236507	2.554233107483401	-3.036715714859559
463.28211788920476	10.211232676723291	-3.0916342578678506
650.6001516778649	13.295555278228637	-2.992702705980296
462.0928149389716	9.386942422772531	-3.0890095919788516
461.6982310760675	9.366174851040734	-3.0890095919788516
461.99102500000004	17.188154999999984	-3.141592653589793
460.86752820679555	10.113807433385448	-3.0890095919788516
460.5669245018822	4.0739834487483435	-3.046640947247037
461.20076500000005	17.978414999999984	-3.141592653589793
460.4729443438914	10.09303986165365	-3.0890095919788516
460.12502179591837	10.05337787205897	-3.0916342578678506
459.3307278986425	9.241569420649949	-3.0890095919788516
458.2998564064971	1.2305819424717457	-3.036715714859559
457.94826156579086	0.796258903952298	-3.036715714859559
457.55530262617805	0.7548948050456841	-3.036715714859559
457.7939275904896	8.36933140791445	-3.0890095919788516
457.60052729172554	1.120531778157878	-3.0419240010986313
457.2037077854718	0.3205717665262309	-3.036715714859559
455.28356518515835	9.5323154248951	-3.0890095919788516
456.10755916444657	-0.5894384094192812	-3.036715714859559
455.8833109911642	7.081741960542998	-3.0890095919788516
455.50776875948696	7.448773595097672	-3.0916342578678506
455.668945	14.817374999999982	-3.141592653589793
455.668945	14.817374999999982	-3.141592653589793
454.18412856528903	-1.189217843565185	-3.036715714859559
453.51580781373923	6.957136530152212	-3.0890095919788516
452.961132561107	-0.13760916573867482	-3.0419240010986313
452.90303500000005	15.212504999999979	-3.141592653589793
451.91670479039084	7.2686501061291775	-3.0890095919788516
451.1483046363143	6.832531099761428	-3.0890095919788516
450.3799044822378	6.3964120933936774	-3.0890095919788516
450.532255	14.027114999999979	-3.141592653589793
449.741995	13.631984999999979	-3.141592653589793
448.951735	13.631984999999979	-3.141592653589793
448.05393644827643	5.482638937194584	-3.0890095919788516
635.4030505250639	9.717936412147262	-3.0916342578678506
446.3663138719389	-2.409458761310308	-3.036715714859559
445.9319908334195	-2.0578639206040856	-3.036715714859559
445.1047088552872	-1.7476331788044803	-3.036715714859559
631.4097142986942	12.504602081888425	-2.976443976175166
632.2207625658576	9.636153283554087	-3.0890095919788516
630.2404528053228	12.309725166326528	-2.976443976175166
630.2404528053228	12.309725166326528	-2.976443976175166
438.1261567986298	10.9282538537333	-2.984990776607778
437.7358620181393	10.86662836207691	-2.984990776607778
434.18953268225243	11.547888733233057	-2.896613990462929
434.32765222578496	10.461334744415334	-2.9441970937399127
434.32561269771185	8.901501015182637	-3.0309354324158977
430.8074158603263	10.136240084312059	-2.8842689386187046
408.1209251849567	-0.010575411989779293	-1.8417431771333173
408.08576173760974	-0.9419050918825042	-1.7359450042095235
408.0580783120309	-0.7749136847715061	-1.7681918866447774
408.04314403872456	-1.4164992765195825	-1.719686274404394
407.53830915884004	-0.744128736348306	-1.8281200417659853
407.580454767612	-1.704971935826812	-1.727398203776912
407.53515809128305	-2.139402355570956	-1.719686274404394
407.53515809128305	-2.139402355570956	-1.719686274404394
407.0669090038088	-2.423936005151371	-1.727398203776912
407.02717214384154	-2.8623054346223284	-1.719686274404394
407.32975849111415	-3.8716500026364637	-1.6183794300718801
407.32975849111415	-3.8716500026364637	-1.6183794300718801
406.07203361013677	-3.410346022333205	-1.7359450042095235
406.0398174762023	-3.8618641438004895	-1.727398203776912
406.0398174762023	-3.8618641438004895	-1.727398203776912
406.0398174762023	-3.8618641438004895	-1.727398203776912
404.9527568298316	-11.651657769285201	-1.6207547225168393
404.50685230091324	-12.003656460979018	-1.6233793884058383
404.4989242664217	-12.815836953684569	-1.6207547225168393
404.754705	-14.422245	-1.5707963267948966
404.754705	-15.212505	-1.5707963267948966
405.56444419790586	-16.407033759797873	-1.5208379310729538
405.60390789907194	-17.19630778311948	-1.5208379310729538
405.60390789907194	-17.19630778311948	-1.5208379310729538
404.359575	-17.978415	-1.5707963267948966
404.96373887901274	-19.230771423644587	-1.5182132651839548
405.0052740224763	-20.019939149452895	-1.5182132651839548
403.569315	-20.744325	-1.5707963267948966
402.779055	-28.646925	-1.5707963267948966
405.9182134688026	-30.3715896221815	-1.4659193880646628
405.7994465978626	-30.726160864223647	-1.4711276743037347
405.83876350235937	-31.119329909191322	-1.4711276743037347
404.3016057605913	-30.712625432501973	-1.5208379310729538
405.9173973113529	-31.905667999126667	-1.4711276743037347
404.02919815108186	-31.545941460600567	-1.5182132651839548
404.0499657228137	-31.940525323504723	-1.5182132651839548
403.98589615126264	-32.31090532972823	-1.5208379310729538
404.0056280018457	-32.705542341389034	-1.5208379310729538
407.15909956658476	-34.19845013990944	-1.4288992721907328
403.9843521781564	-33.8675403143248	-1.5232132235179132
404.003146595645	-34.26222308158385	-1.5232132235179132
405.67002887536296	-35.56278403496159	-1.4659193880646628
403.8630575772275	-35.907131524278064	-1.5182132651839548
403.9045927206911	-36.696299250086376	-1.5182132651839548
403.92536029242285	-37.090883112990525	-1.5182132651839548
405.95957756770923	-38.313496612251434	-1.4659193880646628
406.0423057655225	-39.099414491477106	-1.4659193880646628
404.02919815108186	-39.0638024275113	-1.5182132651839548
401.988795	-38.920305	-1.5707963267948966
404.0915008662773	-40.247554016223766	-1.5182132651839548
406.29049035896213	-41.45716812915411	-1.4659193880646628
406.5464677833012	-42.16738007278293	-1.4711276743037347
406.84890569420145	-42.98763978869884	-1.4659193880646628
400.56101367187165	-41.867424611303974	-1.6233793884058383
400.56101367187165	-41.867424611303974	-1.6233793884058383
407.0640648422169	-46.39944664601888	-1.5208379310729538
403.21635397852407	-46.379714795435845	-1.6207547225168393
401.7740452598381	-47.82375055215771	-1.6814535479687922
403.5103435626394	-59.65405042242001	-2.6292031932790554
405.6473788121558	-60.23923859392143	-2.723368324010564
407.6494591042284	-60.805872582662936	-2.788602265762883
409.25025457517637	-61.12142944583391	-2.770701364777131
406.62759290912965	-60.72622351250932	-2.819842099193151
409.6185175810425	-60.978216054663754	-2.770701364777131
409.6185175810425	-60.978216054663754	-2.770701364777131
407.00244614068833	-60.60127243532309	-2.819842099193151
408.41101588824705	-60.93017566532902	-2.804917834203066
404.4195309885337	-60.48078116955157	-2.8706458032513726
408.0020547581782	-61.101076744068024	-2.819842099193151
406.6403675063875	-61.094155064958805	-2.8706458032513726
400.55514871878347	-60.208105348293806	-2.984990776607778
401.3973637714208	-60.475149145471505	-2.984990776607778
402.16222980103635	-60.59686215345497	-2.992702705980296
403.1434193683519	-61.39953152031737	-2.984990776607778
400.16642556804265	-60.58528489644395	-3.046640947247037
403.98563442098924	-61.66657531749505	-2.984990776607778
400.8097472538358	-61.10511510979587	-3.036715714859559
400.77044465518514	-61.219636883829615	-3.0309354324158977
400.41678831422297	-61.14647920870248	-3.036715714859559
400.45815241312954	-61.53943814831531	-3.036715714859559
400.06519347351673	-61.580802247221925	-3.036715714859559
402.00592643259284	-62.218509601056695	-2.992702705980296
401.7054912297028	-62.426623047923876	-2.984990776607778
404.82842935085773	-63.19392326799116	-2.922923707715851
397.34631213105763	-61.35402946720537	-3.0419240010986313
400.0521343270486	-62.511578416888334	-2.992702705980296
399.66137590593974	-62.57019218005467	-2.992702705980296
395.3804669062193	-61.55061398968922	-3.0419240010986313
394.5941288162839	-61.62924779868275	-3.0419240010986313
393.80779072634857	-61.707881607676285	-3.0419240010986313
392.47983096457386	-61.74325459060507	-3.0309354324158977
391.11937266806353	-61.446908982156245	-3.046640947247037
390.9089778442475	-61.91779382619689	-3.0309354324158977
386.63710483624646	-60.0105750408652	-3.0940095503128098
386.63710483624646	-60.0105750408652	-3.0940095503128098
388.2247902878076	-61.471980180695674	-3.0419240010986313
387.43845219787227	-61.55061398968921	-3.0419240010986313
386.9734561695733	-61.76694069230169	-3.036715714859559
386.53913313105386	-61.41534585159547	-3.036715714859559
385.7532152518282	-61.4980740494087	-3.036715714859559
385.3237223053094	-61.74325459060506	-3.0309354324158977
384.1813794933769	-61.66353044503516	-3.036715714859559
386.5318929566823	-62.941412680108066	-2.992702705980296
383.00250267453833	-61.787622741754994	-3.036715714859559
382.2165847953127	-61.870350939568226	-3.036715714859559
381.3893028171804	-61.56012019776862	-3.036715714859559
380.28277557946063	-61.471980180695674	-3.0419240010986313
379.3831440202096	-61.373981752688856	-3.036715714859559
378.59722614098393	-61.45670995050209	-3.036715714859559
381.0404096942597	-63.28937993111335	-2.984990776607778
380.2598201332788	-63.412630914426124	-2.984990776607778
378.99025542928155	-63.273557338050594	-2.992702705980296
372.25481340143153	-59.33295243774577	-3.0890095919788516
377.4272217448462	-63.508012390715905	-2.992702705980296
370.6764779498149	-59.41602272467295	-3.0890095919788516
376.35687232837404	-64.02888583099003	-2.984990776607778
372.30988310717856	-62.11853553300792	-3.036715714859559
371.5239652279529	-62.20126373082115	-3.036715714859559
370.8467185002365	-62.41558588861809	-3.0419240010986313
367.0084081586454	-60.270937605896094	-3.0916342578678506
372.96747028727253	-65.3641048168785	-2.984990776607778
368.8559808484763	-63.27673030239311	-3.036715714859559
368.13385208995953	-63.08397326506313	-3.0419240010986313
367.34751400002415	-63.162607074056666	-3.0419240010986313
366.8911861504121	-63.48355079692618	-3.036715714859559
366.2073237696179	-63.67372683251464	-3.0419240010986313
362.86787097865897	-61.409709610925525	-3.0890095919788516
362.49405468748665	-61.825061045561476	-3.0890095919788516
365.81896272792386	-65.10313487574753	-3.0309354324158977
358.919625	-59.467065000000005	-3.141592653589793
365.07717097665864	-65.58311777362503	-3.0309354324158977
364.34729406765535	-65.73789418733666	-3.036715714859559
357.339105	-60.25732500000001	-3.141592653589793
363.25855593236037	-65.95410729332716	-3.0419240010986313
359.4204540711806	-63.56953707103247	-3.0890095919788516
358.85915386784984	-63.447765549765556	-3.0916342578678506
357.84211861956396	-63.65260735795967	-3.0890095919788516
353.782935	-60.65245500000001	-3.141592653589793
356.4717607351443	-64.29606828158819	-3.0860941483440762
359.3215560505017	-67.0615453523483	-3.036715714859559
354.9325156018249	-64.03972106725675	-3.0916342578678506
351.017025	-60.65245500000001	-3.141592653589793
356.52947937430525	-66.95813510508178	-3.036715714859559
352.13059281903315	-63.38856999801643	-3.0916342578678506
358.054101306426	-69.71897289393013	-2.984990776607778
349.9089062180173	-63.278791066787306	-3.0890095919788516
352.171188864272	-66.26864252930129	-3.0419240010986313
347.75012198959826	-62.81634633110826	-3.0916342578678506
350.11804404378006	-66.44108386874912	-3.036715714859559
336.3709299584803	-71.3405057829816	3.0916342578678506
348.11188524680927	-66.25494542366935	-3.036715714859559
343.36965116016336	-62.2441226642001	-3.0916342578678506
349.2827396606664	-69.90384936889929	-2.984990776607778
344.8742544569059	-66.23763990709433	-3.0309354324158977
340.17309136571083	-61.61270344554281	-3.0916342578678506
336.37013480082265	-59.665233585454544	-3.0890095919788516
334.816695	-57.09628500000001	-3.141592653589793
340.10089918376445	-64.69596634943059	-3.0419240010986313
335.7728886856929	-60.64584276697385	-3.0916342578678506
338.0957370544293	-64.49938182694676	-3.0419240010986313
340.57870263428157	-68.236189286133	-2.992702705980296
323.41117004018093	-73.7871823630769	3.0890095919788516
335.6974058801265	-64.34211420895969	-3.0419240010986313
334.91106779019117	-64.42074801795322	-3.0419240010986313
334.1247297002558	-64.49938182694676	-3.0419240010986313
330.2282386718586	-60.52745166347562	-3.0916342578678506
323.962215	-66.97453499999999	-3.141592653589793
332.5256035387849	-66.01946586260456	-3.0309354324158977
328.2747854641376	-61.02074792805161	-3.0916342578678506
325.3217866395063	-60.246725593944866	-3.0890095919788516
333.6036648174886	-69.68199544423575	-2.992702705980296
333.3628209827654	-70.41739513270255	-2.984990776607778
332.0406311330532	-69.91645049690106	-2.992702705980296
327.91265878976657	-65.91479038883038	-3.0419240010986313
318.430395	-65.78914499999999	-3.141592653589793
320.939829004097	-59.68600115718634	-3.0890095919788516
325.94072823286405	-66.9994992039884	-3.036715714859559
329.35548785060314	-72.26685618753699	-2.976443976175166
329.35548785060314	-72.26685618753699	-2.976443976175166
329.35548785060314	-72.26685618753699	-2.976443976175166
323.1441196257247	-67.45941455623705	-3.0309354324158977
315.455325	-56.70115500000001	-3.141592653589793
308.54158868021386	-70.63051145984366	3.0890095919788516
311.318055	-64.99888499999999	-3.141592653589793
316.2239048690416	-62.28194762366102	-3.0890095919788516
315.6168531923182	-62.60839237987273	-3.0860941483440762
312.4361952012526	-59.22514952499498	-3.0916342578678506
312.4361952012526	-59.22514952499498	-3.0916342578678506
312.9036738599493	-62.18492711245097	-3.0916342578678506
319.3122088851083	-72.63591283233261	-2.984990776607778
302.4518788062343	-69.24892962117934	3.0916342578678506
302.4518788062343	-69.24892962117934	3.0916342578678506
517.0463235155245	-58.83453071618264	-3.0890095919788516
306.25715578971614	-58.87606585964623	-3.0890095919788516
298.7392948228054	-68.92757057783625	3.0890095919788516
298.7392948228054	-68.92757057783625	3.0890095919788516
299.464155	-63.81349499999999	-3.141592653589793
508.673895	-63.41836499999999	-3.141592653589793
507.883635	-63.41836499999999	-3.141592653589793
507.883635	-63.41836499999999	-3.141592653589793
295.907985	-63.023234999999985	-3.141592653589793
295.117725	-63.023234999999985	-3.141592653589793
510.4246093563635	-53.1425260702726	-3.036715714859559
293.537205	-62.628104999999984	-3.141592653589793
292.746945	-62.628104999999984	-3.141592653589793
292.746945	-62.628104999999984	-3.141592653589793
292.746945	-62.628104999999984	-3.141592653589793
289.981035	-61.83784499999999	-3.141592653589793
291.77694764080957	-57.48874667368745	-3.0916342578678506
500.9105164793632	-57.0631715599505	-3.0860941483440762
286.819995	-61.83784499999999	-3.141592653589793
286.029735	-61.83784499999999	-3.141592653589793
284.844345	-61.83784499999999	-3.141592653589793
287.04130350087996	-57.72552888068393	-3.0916342578678506
283.263825	-61.83784499999999	-3.141592653589793
492.078435	-61.83784499999999	-3.141592653589793
281.288175	-61.83784499999999	-3.141592653589793
280.49791500000003	-61.83784499999999	-3.141592653589793
282.7002963726111	-57.94257923709737	-3.0916342578678506
281.5163853376287	-58.0017747888465	-3.0916342578678506
281.5163853376287	-58.0017747888465	-3.0916342578678506
279.5432002793247	-58.100434041761694	-3.0916342578678506
278.5116799560345	-57.96229270344713	-3.0890095919788516
280.5708813671747	-53.62718013558561	-3.0309354324158977
279.12209841945713	-54.59026953200411	-3.036715714859559
278.0504108050998	-55.06332474772261	-3.0419240010986313
277.15730372139296	-54.79709002653718	-3.036715714859559
273.2487399433349	-58.81078066275113	-3.0916342578678506
272.06482890835247	-58.869976214500255	-3.0916342578678506
271.0353541325874	-58.751460429255445	-3.0890095919788516
269.8723701156067	-59.20834700735498	-3.0890095919788516
268.9274646656491	-59.42246803082538	-3.0916342578678506
267.89945080108595	-59.31218486601397	-3.0890095919788516
266.71569921237347	-59.37448758120936	-3.0890095919788516
265.6286716444195	-59.72865877853729	-3.0940095503128098
264.7427798978527	-59.47832543986835	-3.0890095919788516
266.29465636056636	-56.63600092759331	-3.0419240010986313
265.4098996319145	-56.430971933348445	-3.036715714859559
261.5653414228877	-59.249882150818586	-3.0890095919788516
263.7966997745566	-56.20346938936206	-3.036715714859559
262.44919397595027	-56.87655513620406	-3.046640947247037
257.69742746426135	-59.31518159378972	-3.0940095503128098
259.82574627952164	-56.224151438815376	-3.036715714859559
252.838815	-61.442714999999986	-3.141592653589793
254.81588061005345	-58.81376314445083	-3.0890095919788516
254.02671288424514	-58.85529828791442	-3.0890095919788516
255.68731799894726	-56.72670746912367	-3.046640947247037
254.90061774677517	-56.80163130266387	-3.046640947247037
250.45469054637596	-58.64762257059644	-3.0890095919788516
246.516735	-61.047585	-3.141592653589793
248.4817712318552	-58.75146042925543	-3.0890095919788516
247.69260350604688	-58.79299557271903	-3.0890095919788516
246.50885191733443	-58.85529828791442	-3.0890095919788516
244.53593260281366	-58.95913614657341	-3.0890095919788516
243.35218101410118	-59.02143886176881	-3.0890095919788516
242.40785748204314	-59.16595397324585	-3.0916342578678506
241.3792616995804	-59.125276720427784	-3.0890095919788516
240.5900939737721	-59.16681186389139	-3.0890095919788516
242.2759517952515	-57.607062513221024	-3.046640947247037
241.66690685951798	-57.340982109293954	-3.036715714859559
240.8809889802923	-57.42371030710718	-3.036715714859559
240.09507110106662	-57.50643850492041	-3.036715714859559
238.91619428222813	-57.63053080164025	-3.036715714859559
238.13027640300245	-57.71325899945348	-3.036715714859559
239.85429509737156	-56.23990575809128	-2.992702705980296
233.31147436326165	-59.225149524994976	-3.0916342578678506
235.3795638257126	-58.00280769179979	-3.036715714859559
231.49389755524473	-59.249882150818586	-3.0890095919788516
233.85821015073333	-57.89414187148986	-3.0419240010986313
233.37340502874181	-57.816669246720025	-3.036715714859559
230.08843041104646	-59.25495844529526	-3.0860941483440762
233.0218101880356	-58.25099228523947	-3.036715714859559
226.365105	-60.257324999999994	-3.141592653589793
229.10562680608803	-58.97990371830521	-3.0890095919788516
231.36724623177105	-57.63053080164026	-3.036715714859559
224.389455	-59.862195	-3.141592653589793
226.32277219402715	-58.730692857523636	-3.0890095919788516
225.13902060531467	-58.79299557271903	-3.0890095919788516
220.83328500000002	-59.862195	-3.141592653589793
222.77151742788976	-58.917601003109816	-3.0890095919788516
221.58776583917728	-58.97990371830521	-3.0890095919788516
217.672245	-59.862195	-3.141592653589793
223.07374440099488	-58.106217939066326	-3.036715714859559
222.37767403767728	-58.24799401196077	-3.0419240010986313
221.50190864254353	-58.27167433469278	-3.036715714859559
220.71599076331788	-58.35440253250601	-3.036715714859559
216.83199191259564	-58.83453071618262	-3.0890095919788516
216.04282418678733	-58.87606585964622	-3.0890095919788516
217.9239140871214	-58.250992285239484	-3.036715714859559
213.82537172178843	-58.57550451083838	-3.0860941483440762
212.71142235456773	-58.67265770866985	-3.0916342578678506
214.73887847131212	-58.188946136879565	-3.036715714859559
213.95296059208644	-58.27167433469279	-3.036715714859559
206.608605	-58.676804999999995	-3.141592653589793
208.89877951104896	-58.460714425010266	-3.0890095919788516
207.16677234073344	-58.5542666051716	-3.0916342578678506
209.1960892178258	-58.375084581959314	-3.036715714859559
208.41017133860012	-58.457812779772546	-3.036715714859559
207.23129451976163	-58.58190507649238	-3.036715714859559
197.2274041977787	-58.045362990374315	3.0890095919788516
199.496265	-58.281675	-3.141592653589793
201.77550240704235	-58.43994685327847	-3.0890095919788516
201.77550240704235	-58.43994685327847	-3.0890095919788516
199.8025830925216	-58.54378471193745	-3.0890095919788516
199.01341536671328	-58.58531985540105	-3.0890095919788516
198.22424764090496	-58.626854998864644	-3.0890095919788516
197.43507991509665	-58.66839014232824	-3.0890095919788516
193.56931500000002	-57.886545	-3.141592653589793
192.383925	-57.886545	-3.141592653589793
191.59366500000002	-57.886545	-3.141592653589793
190.803405	-57.886545	-3.141592653589793
195.83876350235937	-58.9163813884058	-3.0419240010986313
194.9668391939505	-59.07827426337177	-3.036715714859559
193.78796237511202	-59.202366560091605	-3.036715714859559
189.50186751354997	-58.29457385115589	-3.0890095919788516
191.4745871032182	-58.955698292902575	-3.0419240010986313
184.481325	-57.096284999999995	-3.141592653589793
186.32442903858495	-58.06613056210611	-3.0890095919788516
185.53526131277664	-58.1076657055697	-3.0890095919788516
184.5738034231525	-57.70579703010088	-3.0916342578678506
183.54157442652405	-57.81691970132454	-3.0890095919788516
182.9952553765093	-57.78472443243303	-3.0916342578678506
184.8281024283034	-58.71218905793897	-3.046640947247037
183.44693764845846	-59.098956312825074	-3.036715714859559
176.57872500000002	-56.306025	-3.141592653589793
178.55952073659142	-57.76454336326083	-3.0860941483440762
183.73526097547625	-60.084854364981034	-2.984990776607778
179.4759841534235	-59.11963836227839	-3.036715714859559
172.62742500000002	-55.910895	-3.141592653589793
174.13744731027242	-57.36056217498295	-3.0940095503128098
176.29094853761418	-59.05759221391846	-3.036715714859559
175.11207171877567	-59.1816845106383	-3.036715714859559
174.32615383955002	-59.26441270845153	-3.036715714859559
170.47877180722338	-57.71308184266556	-3.0890095919788516
169.5381332788759	-57.66633332893479	-3.0916342578678506
168.5058524927026	-57.81691970132455	-3.0890095919788516
170.19922392957943	-59.311579726260554	-3.046640947247037
163.144305	-55.515764999999995	-3.141592653589793
165.04094924582557	-57.39815100996002	-3.0940095503128098
160.773525	-55.120635	-3.141592653589793
162.54555940567667	-57.33926555149319	-3.0890095919788516
161.34104024523242	-57.00698440378442	-3.0890095919788516
162.6131857836342	-58.84330576663431	-3.046640947247037
155.63683500000002	-54.33037500000001	-3.141592653589793
157.37443404445906	-56.82007625819825	-3.0890095919788516
156.1906824557466	-56.88237897339365	-3.0890095919788516
155.00693086703416	-56.944681688589036	-3.0890095919788516
154.06836242177243	-56.857327455030145	-3.0916342578678506
153.0340115525134	-57.04851954724803	-3.0890095919788516
152.09517736346845	-56.95598670794534	-3.0916342578678506
154.11979152366897	-59.80214599423752	-3.036715714859559
152.54795576521764	-59.96760238986398	-3.036715714859559
148.52371240793815	-56.73893635153191	-3.0916342578678506
150.54179696824684	-59.781463944784214	-3.036715714859559
146.30531831141096	-57.00698440378442	-3.0890095919788516
148.26530906127093	-59.702719478341145	-3.0419240010986313
147.39812545134416	-60.11237673603713	-3.036715714859559
143.39343125634772	-56.995450409111434	-3.0916342578678506
139.831635	-53.93524500000001	-3.141592653589793
141.59107952829288	-57.65077912747016	-3.0890095919788516
137.85598500000003	-54.33037500000001	-3.141592653589793
139.72486888878035	-57.41694542744854	-3.0940095503128098
135.880335	-53.93524500000001	-3.141592653589793
137.2091218928836	-57.09005469071162	-3.0890095919788516
139.10462362056802	-60.5880638734632	-3.036715714859559
137.28893004704673	-59.66746793557651	-3.046640947247037
133.22174812037846	-56.50856268222129	-3.0890095919788516
135.09230602662643	-60.215786983303666	-3.036715714859559
133.9134292077879	-60.3398792800235	-3.036715714859559
132.6931882900428	-60.071012637130515	-3.036715714859559
128.29856556032203	-55.772075672962934	-3.0916342578678506
127.11465452533962	-55.83127122471205	-3.0916342578678506
125.66235201000413	-55.71939495641298	-3.0890095919788516
124.06324898665572	-55.40788138043601	-3.0890095919788516
122.85872982621144	-55.075600232727254	-3.0890095919788516
124.66855310215963	-59.32645885681146	-3.036715714859559
123.48967628332113	-59.4505511535313	-3.036715714859559
125.49917136018695	-63.67967471160382	-2.984990776607778
121.21527876749504	-59.23091662437994	-3.0419240010986313
117.45348416487643	-54.9172879014745	-3.0940095503128098
122.82873338841001	-64.50134793368903	-2.984990776607778
118.42257416726089	-60.38124337893013	-3.036715714859559
114.19865241405185	-55.92707067373095	-3.0890095919788516
116.14339808741204	-60.13520542780559	-3.0419240010986313
118.03535731668745	-64.52398428559891	-2.992702705980296
114.1000258315197	-60.83624846690289	-3.036715714859559
110.10579932275901	-55.89046677646117	-3.0916342578678506
111.93648930625794	-61.74719851217304	-3.0419240010986313
111.4734055509497	-62.304673978087685	-3.036715714859559
107.13767802524066	-57.09005469071162	-3.0890095919788516
109.50861085288552	-62.511494472620754	-3.036715714859559
105.1647587107199	-57.1938925493706	-3.0890095919788516
104.37559098491158	-57.23542769283419	-3.0890095919788516
106.36493933598283	-62.842407263873675	-3.036715714859559
102.40267167039082	-57.339265551493185	-3.0890095919788516
104.7931035775315	-63.00786365950013	-3.036715714859559
100.8243362187742	-57.42233583842038	-3.0890095919788516
99.64058463006172	-57.48463855361577	-3.0890095919788516
98.85141690425343	-57.52617369707936	-3.0890095919788516
97.66766531554097	-57.58847641227476	-3.0890095919788516
96.72760462745781	-57.35062371960614	-3.0916342578678506
95.9383306041362	-57.390087420772225	-3.0916342578678506
297.52279812244905	-76.28654058592917	3.0940095503128098
303.161123369007	-67.0396871815741	-3.0940095503128098
295.7316733335133	-75.59831808919552	3.096169374168216
301.02454240585524	-66.95030828286056	-3.096169374168216
293.03978607812417	-75.50392625600306	3.0916342578678506
299.8224331589165	-66.60941163074364	-3.096169374168216
292.05362263328783	-74.83937043931263	3.0940095503128098
297.5791813749146	-66.1187607246363	-3.0940095503128098
290.09900321448106	-74.35071558461094	3.0940095503128098
295.839324907866	-65.9993860427449	-3.096169374168216
288.1443837956743	-73.86206072990925	3.0940095503128098
293.98944763460605	-65.49854494751494	-3.0940095503128098
286.7427668750614	-73.21204152437696	3.096169374168216
292.15185280188734	-64.9868498952427	-3.0916342578678506
284.7870966076537	-72.72760943978973	3.096169374168216
290.0050311270384	-64.89712358788208	-3.0940095503128098
282.67520830651307	-72.4148905832927	3.0940095503128098
288.16601898411324	-64.39489437775148	-3.0916342578678506
280.7205888877063	-71.92623572859101	3.0940095503128098
283.263825	-68.15992499999999	-3.141592653589793
279.31480824472396	-71.29225511508683	3.096169374168216
284.5748221779999	-63.78320700967725	-3.0916342578678506
277.75386041660954	-70.82576495955838	3.096169374168216
276.9823574670818	-70.39515866214754	3.096169374168216
276.0595733505518	-70.12197164969245	3.0940095503128098
275.8520159363782	-69.15716555709129	3.096169374168216
274.9319083012401	-68.88154009544971	3.0940095503128098
272.00645429952584	-70.72399071288373	3.050932766389048
68.01471194796574	-73.31432448294312	2.999695598985629
74.94131473899724	-65.8042855420913	3.0981417581982624
74.72516970886636	-64.91591800537061	3.0940095503128098
68.02797725931967	-70.24859515484357	2.992702705980296
68.65319073309384	-68.74417523357451	2.992702705980296
69.72777639114318	-66.90761065436291	2.992702705980296
69.72777639114318	-66.90761065436291	2.992702705980296
57.69801332324001	-72.2280868499542	2.488746022489019
64.64018117998408	-65.10128686936056	2.488746022489019
62.09320553651875	-66.94509479679046	2.427501954977635
60.62315324751098	-67.26414433963959	2.323947607757091
60.62315324751098	-67.26414433963959	2.323947607757091
59.33982919967511	-66.23336930279874	2.17084654019665
58.082464532272034	-65.66912524172815	2.0736395377227574
56.70402116694425	-65.82354672623714	2.0344439357957027
55.812780530574116	-66.25522721548803	1.9936502529278373
53.71341030127289	-66.67961059530144	1.923786714621807
59.50698198945688	-61.65497963620271	1.9347752833045406
55.21858024864106	-64.6689956827737	1.849095985800008
58.52494470660128	-61.179012747840424	1.8622531212727638
56.551375519063214	-62.65474189620653	1.804539507663798
57.4299696210258	-61.22702648051734	1.804539507663798
58.69294864259701	-59.70779084587371	1.804539507663798
56.73936266854224	-61.15846851530384	1.750649826587375
55.38587251721488	-61.803081461993195	1.7126933813990606
53.851684077212354	-62.45838073494896	1.6657480331376529
52.09619611831586	-63.03339668752172	1.6207547225168393
53.31695303854279	-61.60361342334232	1.6162196062164735
54.82407507948083	-59.95295594993398	1.6162196062164735
50.292426973781886	-62.96129858656386	1.5232132235179132
57.0668162118291	-57.082247300528195	1.6162196062164735
54.814465	-57.886545	1.5707963267948966
55.999855	-56.701155	1.5707963267948966
53.81932705218881	-57.871692179114774	1.5253730473733196
54.14528255892982	-56.81552406781568	1.5232132235179132
54.577554161165935	-56.04495295078609	1.5232132235179132
55.237788447312106	-55.060028173977294	1.5273454314033659
54.75230736324569	-54.74979652288599	1.5253730473733196
56.790115	-52.354724999999995	1.5707963267948966
56.394985	-52.749855	1.5707963267948966
57.981854593827194	-51.107584923952395	1.6162196062164735
57.1924097152406	-51.14346878206997	1.6162196062164735
56.301916173866516	-51.284091079751924	1.6142472221864275
55.329330860707	-51.12081556879214	1.6183794300718801
54.82407507948083	-51.25112035642268	1.6162196062164735
54.24696783186723	-50.66152637195556	1.6207547225168393
54.24696783186723	-50.66152637195556	1.6207547225168393
54.32170106583481	-48.9007276497217	1.6162196062164735
54.838923349358446	-46.67569255418145	1.6207547225168393
55.64970885759123	-45.37989853241769	1.6142472221864275
56.47473255288916	-44.056406803849434	1.6162196062164735
56.908061929743226	-42.738505368909316	1.6183794300718801
55.209595	-44.056995	1.5707963267948966
53.09279517957234	-45.68922891460798	1.5232132235179132
57.20877260955965	-40.7462971151255	1.6183794300718801
57.03994024228329	-40.96891747234532	1.6142472221864275
56.83288425978911	-41.15977429987308	1.6183794300718801
52.88640943863539	-45.46571528455917	1.5273454314033659
56.43820149253006	-41.17856871736161	1.6183794300718801
56.41940707504153	-40.78388595010255	1.6183794300718801
52.3598128975198	-44.467591777853755	1.5232132235179132
58.141073547388785	-36.64712008035018	1.6657480331376529
56.28784615262185	-38.02110657928915	1.6183794300718801
56.2502573176448	-37.231741044771034	1.6183794300718801
56.21266848266774	-36.44237551025292	1.6183794300718801
56.422059626864595	-35.85423904471277	1.6142472221864275
56.53217357997269	-34.84485002372817	1.6183794300718801
56.42090676571281	-34.17040389245826	1.6162196062164735
56.38502290759523	-33.380959013871674	1.6162196062164735
56.34913904947765	-32.59151413528508	1.6162196062164735
56.313255191360085	-31.802069256698488	1.6162196062164735
59.073940669558056	-26.15175598934251	1.7126933813990606
56.30664057011037	-30.10865681661949	1.6183794300718801
56.26905173513332	-29.31929128210137	1.6183794300718801
56.25025731764479	-28.92460851484232	1.6183794300718801
56.21266848266774	-28.135242980324204	1.6183794300718801
56.4563863277212	-27.54717743741694	1.6142472221864275
56.42205962686461	-26.75766331771527	1.6142472221864275
56.43884869477158	-25.863290738240263	1.6162196062164735
56.402964836654014	-25.07384585965367	1.6162196062164735
57.44668484067722	-22.251048165611373	1.6614562139956417
56.34913904947765	-23.889678541773783	1.6162196062164735
56.31325519136008	-23.100233663187193	1.6162196062164735
56.29531326230129	-22.705511223893897	1.6162196062164735
56.25942940418371	-21.916066345307307	1.6162196062164735
56.241487475124934	-21.52134390601401	1.6162196062164735
56.22354554606615	-21.126621466720717	1.6162196062164735
56.20560361700737	-20.73189902742742	1.6162196062164735
56.858599281342215	-17.86953309378074	1.6704649792860586
57.464783435361404	-15.93610325500283	1.7063240407803975
56.695443664667835	-18.351748728229317	1.6614562139956417
55.460891783126684	-20.655064819890644	1.6183794300718801
57.126663991648336	-16.38099725988845	1.7063240407803975
56.735157267348995	-16.434384540474724	1.7063240407803975
57.67422464987923	-12.145840641895813	1.7942729279355296
56.89807371766012	-14.518712112048922	1.7590178320996674
57.301841314489586	-12.922654916366291	1.804539507663798
57.301841314489586	-12.922654916366291	1.804539507663798
56.68401279873329	-13.704508107343987	1.849095985800008
57.03824535780918	-11.943619744037717	1.9074711461816238
57.5716170242077	-10.895453271331059	1.97568811307998
57.164008821848526	-11.485440475832394	1.9936502529278373
57.164008821848526	-11.485440475832394	1.9936502529278373
57.164008821848526	-11.485440475832394	1.9936502529278373
57.164008821848526	-11.485440475832394	1.9936502529278373
56.980252158513586	-3.698485015407895	2.4227626539681686
56.980252158513586	-3.698485015407895	2.4227626539681686
56.980252158513586	-3.698485015407895	2.4227626539681686
54.76029206732585	1.6770792766106137	2.743070207923373
54.76029206732585	1.6770792766106137	2.743070207923373
53.92813643481398	3.6786516566847904	2.835713782184941
53.45350164553685	1.646326665345544	2.8501358591119264
52.4250904826304	3.7059220604275205	2.9533711482850227
52.35974949095008	0.6955536640537121	2.907849472720892
51.86544382634185	3.6321883318531154	2.999695598985629
51.306645621441376	2.5145919220521527	2.999695598985629
51.182880086376485	2.037614542376126	3.0060649396042924
50.36760464373599	5.074492721902159	3.0940095503128098
49.93533304149988	4.303921604872572	3.0940095503128098
49.503061439263774	3.533350487842984	3.0940095503128098
49.08265778066926	3.2564601241696853	3.096169374168216
48.2573290439651	2.502899103700666	3.096169374168216
47.485826094437286	5.768330192399756	-3.096169374168216
47.022198330778274	1.278020389219801	3.0940095503128098
46.35548456373376	4.5303370873435105	-3.096169374168216
45.57502818416173	4.191155099941418	-3.0940095503128098
45.20720110397145	3.6870664215805604	-3.096169374168216
44.428568717361614	3.345406312957724	-3.0940095503128098
244.02586922985245	3.423476076157458	-3.0916342578678506
243.63747776351642	6.50435035142774	-3.0060649396042924
244.04097571515035	3.2385181951109066	-3.096169374168216
244.04097571515035	3.2385181951109066	-3.096169374168216
43.25153083656376	3.202634336993334	-3.096169374168216
42.44414402891838	3.5614729181690574	-3.096169374168216
41.63675722127301	3.920311499344781	-3.096169374168216
40.85490078839908	3.8102637950819678	-3.0981417581982624
39.63599225778734	4.303921604872576	-3.0940095503128098
38.855758217161146	4.189440435226572	-3.096169374168216
37.823875	2.963475000000004	-3.141592653589793
36.45973570222636	4.5482490322234215	-3.0940095503128098
35.44605040040231	5.902609240073755	-3.050932766389048
34.662835	3.3586050000000034	-3.141592653589793
32.88879637940633	4.773782042085739	-3.0940095503128098
31.44945784869265	6.05946503756365	-3.046640947247037
30.711534999999998	3.7537350000000034	-3.141592653589793
29.317857056586284	4.999315051948058	-3.0940095503128098
28.548778531310013	4.857228171208096	-3.0981417581982624
27.550494999999998	4.1488650000000025	-3.141592653589793
26.365105	4.1488650000000025	-3.141592653589793
25.36342756495395	5.158304604401025	-3.096169374168216
23.900881619517534	6.13438887110385	-3.046640947247037
23.14000446958187	5.974156018741316	-3.050932766389048
21.934130989087294	5.94707928725335	-3.046640947247037
21.623545	4.543995000000002	-3.141592653589793
21.0214807327277	3.740892208756914	3.096169374168216
20.043025	4.543995000000002	-3.141592653589793
19.040282394033387	5.234821880630633	-3.0981417581982624
18.24048172861584	5.230072320636168	-3.096169374168216
17.439785203837523	5.224848061810374	-3.0940095503128098
16.65041966931941	5.187259226833321	-3.0940095503128098
16.486855	4.543995000000002	-3.141592653589793
15.209716928854371	5.703576828247701	-3.046640947247037
14.677005833024126	5.0932871393906884	-3.0940095503128098
14.733389085489705	4.397893692315206	3.0940095503128098
13.720945	4.9391250000000015	-3.141592653589793
13.325814999999999	4.9391250000000015	-3.141592653589793
12.930685	4.9391250000000015	-3.141592653589793
12.312249026140899	5.337801983200416	-3.0981417581982624
11.51225833157103	5.319781965930098	-3.096169374168216
11.350165	4.939125000000001	-3.141592653589793
10.316700975685972	5.281231314275954	-3.0940095503128098
10.027890675274286	5.002024122800675	3.0916342578678506
9.374514999999999	4.939125000000001	-3.141592653589793
8.330951525132836	5.199342628631075	-3.0916342578678506
8.189124999999999	5.334255000000001	-3.141592653589793
7.793994999999999	5.334255000000001	-3.141592653589793
7.398864999999999	5.334255000000001	-3.141592653589793
6.608604999999999	5.334255000000001	-3.141592653589793
5.968202252406104	5.463317398400388	-3.096169374168216
5.968202252406104	5.463317398400388	-3.096169374168216
5.573479813112808	5.445375469341601	-3.096169374168216
5.681131387465526	5.624794759929463	3.096169374168216
5.28640894817223	5.642736688988249	3.096169374168216
5.28640894817223	5.642736688988249	3.096169374168216
5.28640894817223	5.642736688988249	3.096169374168216
5.28640894817223	5.642736688988249	3.096169374168216
4.632954999999999	5.729385	-3.141592653589793
5.028084999999999	5.729385	-3.141592653589793
5.28640894817223	5.642736688988249	3.096169374168216
5.28640894817223	5.642736688988249	3.096169374168216
4.8916865088789345	5.660678618047036	3.096169374168216
4.8916865088789345	5.660678618047036	3.096169374168216
4.8916865088789345	5.660678618047036	3.096169374168216
4.237824999999999	5.729385	-3.141592653589793
4.237824999999999	5.729385	-3.141592653589793
4.237824999999999	5.729385	-3.141592653589793
4.237824999999999	5.729385	-3.141592653589793
4.237824999999999	5.729385	-3.141592653589793
4.237824999999999	5.729385	-3.141592653589793
4.237824999999999	5.729385	-3.141592653589793
4.237824999999999	5.729385	-3.141592653589793
4.237824999999999	5.729385	-3.141592653589793
4.237824999999999	5.729385	-3.141592653589793
4.237824999999999	5.729385	-3.141592653589793
4.237824999999999	5.729385	-3.141592653589793
4.237824999999999	5.729385	-3.141592653589793
4.237824999999999	5.729385	-3.141592653589793
3.842694999999999	5.729385	-3.141592653589793
3.842694999999999	5.729385	-3.141592653589793
3.842694999999999	5.729385	-3.141592653589793
3.842694999999999	5.729385	-3.141592653589793
3.842694999999999	5.729385	-3.141592653589793
3.842694999999999	5.729385	-3.141592653589793
3.5558436840371233	5.7518344449561996	-3.0916342578678506
3.842694999999999	5.729385	-3.141592653589793
3.842694999999999	5.729385	-3.141592653589793
3.842694999999999	5.729385	-3.141592653589793
3.842694999999999	5.729385	-3.141592653589793
3.842694999999999	5.729385	-3.141592653589793
3.842694999999999	5.729385	-3.141592653589793
3.842694999999999	5.729385	-3.141592653589793
3.842694999999999	5.729385	-3.141592653589793
3.842694999999999	5.729385	-3.141592653589793
3.842694999999999	5.729385	-3.141592653589793
3.842694999999999	5.729385	-3.141592653589793
3.842694999999999	5.729385	-3.141592653589793
3.842694999999999	5.729385	-3.141592653589793
3.842694999999999	5.729385	-3.141592653589793
3.842694999999999	5.729385	-3.141592653589793
3.842694999999999	5.729385	-3.141592653589793
3.5819256875875434	5.750388263340966	-3.096169374168216
3.842694999999999	5.729385	-3.141592653589793
3.842694999999999	5.729385	-3.141592653589793
3.842694999999999	5.729385	-3.141592653589793
3.842694999999999	5.729385	-3.141592653589793
3.842694999999999	5.729385	-3.141592653589793
3.842694999999999	5.729385	-3.141592653589793
3.842694999999999	5.729385	-3.141592653589793
3.842694999999999	5.729385	-3.141592653589793
3.842694999999999	5.729385	-3.141592653589793
3.842694999999999	5.729385	-3.141592653589793
3.842694999999999	5.729385	-3.141592653589793
3.842694999999999	5.729385	-3.141592653589793
3.842694999999999	5.729385	-3.141592653589793
3.842694999999999	5.729385	-3.141592653589793
3.842694999999999	5.729385	-3.141592653589793
3.842694999999999	5.729385	-3.141592653589793
3.842694999999999	5.729385	-3.141592653589793
3.842694999999999	5.729385	-3.141592653589793
3.842694999999999	5.729385	-3.141592653589793
3.842694999999999	5.729385	-3.141592653589793
3.842694999999999	5.729385	-3.141592653589793
3.842694999999999	5.729385	-3.141592653589793
3.842694999999999	5.729385	-3.141592653589793
3.842694999999999	5.729385	-3.141592653589793
3.842694999999999	5.729385	-3.141592653589793
3.842694999999999	5.729385	-3.141592653589793
3.842694999999999	5.729385	-3.141592653589793
3.842694999999999	5.729385	-3.141592653589793
3.842694999999999	5.729385	-3.141592653589793
3.842694999999999	5.729385	-3.141592653589793
3.842694999999999	5.729385	-3.141592653589793
3.842694999999999	5.729385	-3.141592653589793
3.842694999999999	5.729385	-3.141592653589793
3.842694999999999	5.729385	-3.141592653589793
3.842694999999999	5.729385	-3.141592653589793
3.842694999999999	5.729385	-3.141592653589793
3.842694999999999	5.729385	-3.141592653589793
3.842694999999999	5.729385	-3.141592653589793
3.5819256875875434	5.750388263340966	-3.096169374168216
3.842694999999999	5.729385	-3.141592653589793
3.842694999999999	5.729385	-3.141592653589793
3.842694999999999	5.729385	-3.141592653589793
3.842694999999999	5.729385	-3.141592653589793
3.842694999999999	5.729385	-3.141592653589793
3.842694999999999	5.729385	-3.141592653589793
3.842694999999999	5.729385	-3.141592653589793
3.842694999999999	5.729385	-3.141592653589793
3.842694999999999	5.729385	-3.141592653589793
3.842694999999999	5.729385	-3.141592653589793
3.842694999999999	5.729385	-3.141592653589793
3.842694999999999	5.729385	-3.141592653589793
3.842694999999999	5.729385	-3.141592653589793
3.842694999999999	5.729385	-3.141592653589793
3.842694999999999	5.729385	-3.141592653589793
3.842694999999999	5.729385	-3.141592653589793
3.842694999999999	5.729385	-3.141592653589793
3.842694999999999	5.729385	-3.141592653589793
3.842694999999999	5.729385	-3.141592653589793
3.842694999999999	5.729385	-3.141592653589793
3.842694999999999	5.729385	-3.141592653589793
3.842694999999999	5.729385	-3.141592653589793
3.842694999999999	5.729385	-3.141592653589793
3.842694999999999	5.729385	-3.141592653589793
3.842694999999999	5.729385	-3.141592653589793
3.842694999999999	5.729385	-3.141592653589793
3.842694999999999	5.729385	-3.141592653589793
3.842694999999999	5.729385	-3.141592653589793
3.842694999999999	5.729385	-3.141592653589793
3.842694999999999	5.729385	-3.141592653589793
3.842694999999999	5.729385	-3.141592653589793
3.842694999999999	5.729385	-3.141592653589793
3.842694999999999	5.729385	-3.141592653589793
3.842694999999999	5.729385	-3.141592653589793
3.842694999999999	5.729385	-3.141592653589793
3.842694999999999	5.729385	-3.141592653589793
3.842694999999999	5.729385	-3.141592653589793
3.842694999999999	5.729385	-3.141592653589793
3.842694999999999	5.729385	-3.141592653589793
3.842694999999999	5.729385	-3.141592653589793
